<?xml version="1.0" encoding="UTF-8"?>
<document version="1.2.0">
  <chunk>
    <sensors>
      <sensor id="0" label="Canon EOS 600D (29 mm)" type="frame">
        <resolution width="5184" height="3456"/>
        <property name="pixel_width" value="0.0044035976080246883"/>
        <property name="pixel_height" value="0.0044035976080246883"/>
        <property name="focal_length" value="29"/>
        <property name="fixed" value="false"/>
        <calibration type="frame" class="adjusted">
          <resolution width="5184" height="3456"/>
          <fx>7550.9801884933067</fx>
          <fy>7550.9801884933067</fy>
          <cx>2625.5330921378895</cx>
          <cy>2105.5296148069247</cy>
          <k1>-0.085354586438905908</k1>
          <k2>-3.3118665114269406</k2>
          <k3>-6.3212640267974649</k3>
          <p1>0.019401181024562605</p1>
          <p2>-0.0027456341014045634</p2>
        </calibration>
      </sensor>
      <sensor id="1" label="Canon EOS 600D (18 mm)" type="frame">
        <resolution width="5184" height="3456"/>
        <property name="pixel_width" value="0.0044035976080246883"/>
        <property name="pixel_height" value="0.0044035976080246883"/>
        <property name="focal_length" value="18"/>
        <property name="fixed" value="false"/>
        <calibration type="frame" class="adjusted">
          <resolution width="5184" height="3456"/>
          <fx>4277.7768072983408</fx>
          <fy>4277.7768072983408</fy>
          <cx>2626.7839734146037</cx>
          <cy>1737.1571867000825</cy>
          <k1>-0.1762314775062758</k1>
          <k2>0.14795948636841269</k2>
          <k3>0.11631256978983384</k3>
          <p1>0.002361525013590163</p1>
          <p2>0.00032666626523244959</p2>
        </calibration>
      </sensor>
    </sensors>
    <cameras>
      <camera id="0" label="IMG_1671.JPG" sensor_id="0" enabled="true">
        <transform>9.9999998968702997e-001 -3.9700126828161311e-005 -1.3802115738325424e-004 2.2532117617406183e-003 4.0109053465581062e-005 9.9999560641043173e-001 2.9640430322098598e-003 -2.7488683596608981e-002 1.3790287809063411e-004 -2.9640485375397540e-003 9.9999559768984148e-001 -5.7225076970547298e-003 0.0000000000000000e+000 0.0000000000000000e+000 0.0000000000000000e+000 1.0000000000000000e+000</transform>
        <orientation>1</orientation>
      </camera>
      <camera id="1" label="IMG_1672.JPG" sensor_id="0" enabled="true">
        <transform>9.9999998370169108e-001 -9.5823652469179699e-005 -1.5301779399593815e-004 1.4805285839644313e-003 9.6397645559409266e-005 9.9999294320798471e-001 3.7555614395527698e-003 -3.1920900463055991e-002 1.5265684256698090e-004 -3.7555761288985390e-003 9.9999293614696527e-001 -6.1714848603664487e-003 0.0000000000000000e+000 0.0000000000000000e+000 0.0000000000000000e+000 1.0000000000000000e+000</transform>
        <orientation>1</orientation>
      </camera>
      <camera id="2" label="IMG_1673.JPG" sensor_id="0" enabled="true">
        <transform>9.6689088337084661e-001 1.8972243939345174e-002 -2.5448393586678481e-001 2.3019953551717278e+000 -1.7237686007629986e-002 9.9981051138069343e-001 9.0445294946011508e-003 -8.2284443228436199e-002 2.5460730907702983e-001 -4.3583589322510989e-003 9.6703470613622311e-001 3.4138038593032022e-001 0.0000000000000000e+000 0.0000000000000000e+000 0.0000000000000000e+000 1.0000000000000000e+000</transform>
        <orientation>1</orientation>
      </camera>
      <camera id="3" label="IMG_1674.JPG" sensor_id="0" enabled="true">
        <transform>8.1287210158320922e-001 4.7670791793443495e-002 -5.8048810674938278e-001 5.2346691903141433e+000 -4.1075526528120521e-002 9.9885540438508946e-001 2.4508819864227722e-002 -2.2540783033712986e-001 5.8099203745674033e-001 3.9213187176836382e-003 8.1389979461318207e-001 1.7963280592991566e+000 0.0000000000000000e+000 0.0000000000000000e+000 0.0000000000000000e+000 1.0000000000000000e+000</transform>
        <orientation>1</orientation>
      </camera>
      <camera id="4" label="IMG_1675.JPG" sensor_id="0" enabled="true">
        <transform>6.0921378570072415e-001 6.3462317116275438e-002 -7.9046258457843876e-001 7.0879961666308198e+000 -5.2013753520758307e-002 9.9784397385366463e-001 4.0024658507085475e-002 -3.6947566502659795e-001 7.9129838414903508e-001 1.6731352311164242e-002 6.1120121817038753e-001 3.6670558136537332e+000 0.0000000000000000e+000 0.0000000000000000e+000 0.0000000000000000e+000 1.0000000000000000e+000</transform>
        <orientation>1</orientation>
      </camera>
      <camera id="5" label="IMG_1676.JPG" sensor_id="0" enabled="true">
        <transform>3.2921050630447074e-001 7.7533559071881406e-002 -9.4106800485214737e-001 8.3958980963128926e+000 -5.8790756290482069e-002 9.9637267502766813e-001 6.1523486840411978e-002 -5.6471762800832459e-001 9.4242458027873366e-001 3.5071921473684334e-002 3.3257460938952710e-001 6.2108640467394931e+000 0.0000000000000000e+000 0.0000000000000000e+000 0.0000000000000000e+000 1.0000000000000000e+000</transform>
        <orientation>1</orientation>
      </camera>
      <camera id="6" label="IMG_1677.JPG" sensor_id="0" enabled="true">
        <transform>2.9615919561074570e-002 8.4509571372163583e-002 -9.9598244445122874e-001 8.8374507523426384e+000 -5.9347621975250675e-002 9.9481033307749123e-001 8.2645392903256842e-002 -7.5403348488251931e-001 9.9779795403399907e-001 5.6661570298961378e-002 3.4477664898034416e-002 8.9151200931883707e+000 0.0000000000000000e+000 0.0000000000000000e+000 0.0000000000000000e+000 1.0000000000000000e+000</transform>
        <orientation>1</orientation>
      </camera>
      <camera id="7" label="IMG_1678.JPG" sensor_id="0" enabled="true">
        <transform>-1.7443266454927997e-001 8.6167886119145498e-002 -9.8089160509201856e-001 8.6674238652898339e+000 -5.6081491198454320e-002 9.9367729460320153e-001 9.7264076282152029e-002 -8.8621953331419512e-001 9.8307075629539320e-001 7.1975895908425985e-002 -1.6849735465277599e-001 1.0746185382061970e+001 0.0000000000000000e+000 0.0000000000000000e+000 0.0000000000000000e+000 1.0000000000000000e+000</transform>
        <orientation>1</orientation>
      </camera>
      <camera id="8" label="IMG_1679.JPG" sensor_id="0" enabled="true">
        <transform>-4.3100296021780182e-001 8.4083576385845196e-002 -8.9842439885927960e-001 7.8789937871729343e+000 -4.7753774212613578e-002 9.9212834648582837e-001 1.1576234771179955e-001 -1.0490207224819272e+000 9.0108602548921091e-001 9.2797070435777201e-002 -4.2359494612966614e-001 1.3042048966343312e+001 0.0000000000000000e+000 0.0000000000000000e+000 0.0000000000000000e+000 1.0000000000000000e+000</transform>
        <orientation>1</orientation>
      </camera>
      <camera id="9" label="IMG_1680.JPG" sensor_id="0" enabled="true">
        <transform>-6.4235897875218828e-001 7.3920048572167954e-002 -7.6283076028404495e-001 6.6135540726438595e+000 -3.5587708338117571e-002 9.9138724021679692e-001 1.2603513379436543e-001 -1.1410894148472190e+000 7.6557720540235974e-001 1.0810719843937706e-001 -6.3419585004468637e-001 1.4919656467112583e+001 0.0000000000000000e+000 0.0000000000000000e+000 0.0000000000000000e+000 1.0000000000000000e+000</transform>
        <orientation>1</orientation>
      </camera>
      <camera id="10" label="IMG_1681.JPG" sensor_id="0" enabled="true">
        <transform>-8.6117629334344870e-001 5.4632282783371240e-002 -5.0536195490075841e-001 4.2429873040312964e+000 -1.6350008499366027e-002 9.9071569791072434e-001 1.3496326587385385e-001 -1.2220287779255277e+000 5.0804337315362069e-001 1.2448983730065545e-001 -8.5228763419607778e-001 1.6844210164869427e+001 0.0000000000000000e+000 0.0000000000000000e+000 0.0000000000000000e+000 1.0000000000000000e+000</transform>
        <orientation>1</orientation>
      </camera>
      <camera id="11" label="IMG_1682.JPG" sensor_id="0" enabled="true">
        <transform>-9.6444903921538050e-001 3.8602693734157111e-002 -2.6143428006479252e-001 2.0219772876026600e+000 1.5492255725048643e-003 9.9008261953574239e-001 1.4047777900211916e-001 -1.2685138231555293e+000 2.6426435752226407e-001 1.3507863831749861e-001 -9.5494403543539419e-001 1.7734107085049175e+001 0.0000000000000000e+000 0.0000000000000000e+000 0.0000000000000000e+000 1.0000000000000000e+000</transform>
        <orientation>1</orientation>
      </camera>
      <camera id="12" label="IMG_1683.JPG" sensor_id="0" enabled="true">
        <transform>-9.9388677246847568e-001 1.2323000807183043e-002 1.0971429789823481e-001 -1.3400531840981798e+000 2.7788908380398408e-002 9.8967982156676770e-001 1.4057605540986140e-001 -1.2652222871958718e+000 -1.0684970792296192e-001 1.4276552256997055e-001 -9.8397212637457410e-001 1.7946150433363989e+001 0.0000000000000000e+000 0.0000000000000000e+000 0.0000000000000000e+000 1.0000000000000000e+000</transform>
        <orientation>1</orientation>
      </camera>
      <camera id="13" label="IMG_1684.JPG" sensor_id="0" enabled="true">
        <transform>-8.8552327415043208e-001 -1.4167481554926913e-002 4.6437895452344691e-001 -4.5348581139165045e+000 4.9974396863504363e-002 9.9083100794848078e-001 1.2552479175815032e-001 -1.1270844285374402e+000 -4.6189943775244813e-001 1.3436218275314241e-001 -8.7669590694252897e-001 1.6902739523026806e+001 0.0000000000000000e+000 0.0000000000000000e+000 0.0000000000000000e+000 1.0000000000000000e+000</transform>
        <orientation>1</orientation>
      </camera>
      <camera id="14" label="IMG_1685.JPG" sensor_id="0" enabled="true">
        <transform>-6.6138467637881704e-001 -3.9160529615858031e-002 7.4902387329877085e-001 -7.0821653314839219e+000 6.3756460741791254e-002 9.9208640961468819e-001 1.0816501084693476e-001 -9.6186281246689775e-001 -7.4733220428733560e-001 1.1929379186714868e-001 -6.5365401219375185e-001 1.4835245566337354e+001 0.0000000000000000e+000 0.0000000000000000e+000 0.0000000000000000e+000 1.0000000000000000e+000</transform>
        <orientation>1</orientation>
      </camera>
      <camera id="15" label="IMG_1686.JPG" sensor_id="0" enabled="true">
        <transform>-4.2460198779229930e-001 -5.7219111092770343e-002 9.0357021049201336e-001 -8.4575396491153931e+000 7.2210190168458199e-002 9.9268144240038503e-001 9.6794846710586094e-002 -8.5903790104169775e-001 -9.0249589494837212e-001 1.0634626105154783e-001 -4.1736271079445136e-001 1.2673179189088408e+001 0.0000000000000000e+000 0.0000000000000000e+000 0.0000000000000000e+000 1.0000000000000000e+000</transform>
        <orientation>1</orientation>
      </camera>
      <camera id="16" label="IMG_1687.JPG" sensor_id="0" enabled="true">
        <transform>1.0518672886710932e-002 -6.3606208222362196e-002 9.9791963994916755e-001 -9.2266663664263362e+000 7.5357973133850051e-002 9.9518726402498181e-001 6.2637731501305499e-002 -5.5070363300157943e-001 -9.9710106479025506e-001 7.4542335609002836e-002 1.5261284221666451e-002 8.7289279472877048e+000 0.0000000000000000e+000 0.0000000000000000e+000 0.0000000000000000e+000 1.0000000000000000e+000</transform>
        <orientation>1</orientation>
      </camera>
      <camera id="17" label="IMG_1688.JPG" sensor_id="0" enabled="true">
        <transform>4.7360452770766093e-001 -5.5393323975638953e-002 8.7899393114727098e-001 -8.0533660637721169e+000 6.5141221505875133e-002 9.9748978093861862e-001 2.7762532012571207e-002 -2.3953405882406012e-001 -8.7832532275662301e-001 4.4110277509401725e-002 4.7602406538169645e-001 4.5805300732392213e+000 0.0000000000000000e+000 0.0000000000000000e+000 0.0000000000000000e+000 1.0000000000000000e+000</transform>
        <orientation>1</orientation>
      </camera>
      <camera id="18" label="IMG_1689.JPG" sensor_id="0" enabled="true">
        <transform>8.1807988146691757e-001 -3.6167696844258794e-002 5.7396620566376189e-001 -5.2172528593381751e+000 4.0572881765864939e-002 9.9916340209640231e-001 5.1319758725245383e-003 -3.7774665696730651e-002 -5.7367163848693725e-001 1.9089096786511980e-002 8.1886290524091265e-001 1.5382878665927240e+000 0.0000000000000000e+000 0.0000000000000000e+000 0.0000000000000000e+000 1.0000000000000000e+000</transform>
        <orientation>1</orientation>
      </camera>
      <camera id="19" label="IMG_1690.JPG" sensor_id="0" enabled="true">
        <transform>9.9144773879257408e-001 -8.1714607610059910e-003 1.3024825707902263e-001 -1.1757695962749997e+000 8.0407790125731748e-003 9.9996650315804259e-001 1.5291941496692551e-003 -9.6252155382229674e-003 -1.3025638992372998e-001 -4.6881862991917517e-004 9.9148023333454782e-001 4.3804413618107545e-002 0.0000000000000000e+000 0.0000000000000000e+000 0.0000000000000000e+000 1.0000000000000000e+000</transform>
        <orientation>1</orientation>
      </camera>
      <camera id="20" label="IMG_1710.JPG" sensor_id="0" enabled="true">
        <transform>9.9892840660125692e-001 9.4328381401834645e-003 -4.5310705685246186e-002 3.9280236593216772e-001 1.5488918308904715e-002 8.5442335877862785e-001 5.1934652919131785e-001 -5.2040055624096144e+000 4.3613437088745682e-002 -5.1949181469785388e-001 8.5336165988825430e-001 -5.0197028450471415e-001 0.0000000000000000e+000 0.0000000000000000e+000 0.0000000000000000e+000 1.0000000000000000e+000</transform>
        <orientation>1</orientation>
      </camera>
      <camera id="21" label="IMG_1711.JPG" sensor_id="0" enabled="true">
        <transform>8.6916736986527332e-001 2.7134715711275065e-001 -4.1342327400415130e-001 4.5295100733092797e+000 -1.0147680076896315e-002 8.4562308830784527e-001 5.3368400492216284e-001 -5.3617753711669867e+000 4.9441390327390705e-001 -4.5966543577642471e-001 7.3774153970203504e-001 8.1998124109663195e-001 0.0000000000000000e+000 0.0000000000000000e+000 0.0000000000000000e+000 1.0000000000000000e+000</transform>
        <orientation>1</orientation>
      </camera>
      <camera id="22" label="IMG_1712.JPG" sensor_id="0" enabled="true">
        <transform>6.0789406635675647e-001 4.5242739155949008e-001 -6.5251380020266492e-001 7.2193516772093300e+000 -2.8676552891570756e-002 8.3376048280514303e-001 5.5138109563784654e-001 -5.5608253784763528e+000 7.9350013194863700e-001 -3.1646944983554254e-001 5.1981210828364199e-001 3.2843008478974975e+000 0.0000000000000000e+000 0.0000000000000000e+000 0.0000000000000000e+000 1.0000000000000000e+000</transform>
        <orientation>1</orientation>
      </camera>
      <camera id="23" label="IMG_1713.JPG" sensor_id="0" enabled="true">
        <transform>1.7309340775380999e-001 5.7231310249625755e-001 -8.0155872205552181e-001 8.8817417086592645e+000 -3.6801576475244346e-002 8.1703331528411038e-001 5.7541481183993870e-001 -5.8379736991033662e+000 9.8421761626233351e-001 -7.0101886044266981e-002 1.6248510520022008e-001 7.3111284878450764e+000 0.0000000000000000e+000 0.0000000000000000e+000 0.0000000000000000e+000 1.0000000000000000e+000</transform>
        <orientation>1</orientation>
      </camera>
      <camera id="24" label="IMG_1714.JPG" sensor_id="0" enabled="true">
        <transform>-2.4602469777711564e-001 5.7476403051793712e-001 -7.8046022147605632e-001 8.6285497588670452e+000 -3.2754160726951254e-002 7.9981956079487437e-001 5.9934617302938342e-001 -6.0945228567442467e+000 9.6870997364471889e-001 1.7301728061864372e-001 -1.7794945228512943e-001 1.1151893913473272e+001 0.0000000000000000e+000 0.0000000000000000e+000 0.0000000000000000e+000 1.0000000000000000e+000</transform>
        <orientation>1</orientation>
      </camera>
      <camera id="25" label="IMG_1715.JPG" sensor_id="0" enabled="true">
        <transform>-6.3046872910263196e-001 4.8318653475525042e-001 -6.0748658771607889e-001 6.6661992606172875e+000 -1.3587929679200278e-002 7.7563695787727582e-001 6.3103302428788766e-001 -6.4250459549996304e+000 7.7609570916913673e-001 4.0610107387951816e-001 -4.8244934242172710e-001 1.4566026419296152e+001 0.0000000000000000e+000 0.0000000000000000e+000 0.0000000000000000e+000 1.0000000000000000e+000</transform>
        <orientation>1</orientation>
      </camera>
      <camera id="26" label="IMG_1716.JPG" sensor_id="0" enabled="true">
        <transform>-9.0050982072010433e-001 2.8458023499226948e-001 -3.2877979353724029e-001 3.5218171402348872e+000 1.2482122902719578e-002 7.7270697665937649e-001 6.3464015381140793e-001 -6.4849384865816297e+000 4.3465648435803539e-001 5.6739582133962774e-001 -6.9938238648956719e-001 1.7003797336840943e+001 0.0000000000000000e+000 0.0000000000000000e+000 0.0000000000000000e+000 1.0000000000000000e+000</transform>
        <orientation>1</orientation>
      </camera>
      <camera id="27" label="IMG_1717.JPG" sensor_id="0" enabled="true">
        <transform>-9.9828031142003004e-001 5.7725488711668563e-002 -1.0207241749210821e-002 -6.6804047923192805e-002 3.7728062615909816e-002 7.6593958420441999e-001 6.4180460160395436e-001 -6.5514705695234312e+000 4.4866614786250536e-002 6.4031579810415395e-001 -7.6680027750116431e-001 1.7748698529911007e+001 0.0000000000000000e+000 0.0000000000000000e+000 0.0000000000000000e+000 1.0000000000000000e+000</transform>
        <orientation>1</orientation>
      </camera>
      <camera id="28" label="IMG_1718.JPG" sensor_id="0" enabled="true">
        <transform>-9.1429340384570390e-001 -2.0502312331521469e-001 3.4933234976210092e-001 -4.1255391050432326e+000 6.3608012212184623e-002 7.7906293767025081e-001 6.2371063798127735e-001 -6.3705713612786683e+000 -4.0002698967276085e-001 5.9247485858445659e-001 -6.9925099176095351e-001 1.6978559872217566e+001 0.0000000000000000e+000 0.0000000000000000e+000 0.0000000000000000e+000 1.0000000000000000e+000</transform>
        <orientation>1</orientation>
      </camera>
      <camera id="29" label="IMG_1719.JPG" sensor_id="0" enabled="true">
        <transform>-6.2391067789031263e-001 -4.2247638280350869e-001 6.5745659323465122e-001 -7.5971009434873444e+000 8.7530975325257609e-002 7.9820880112138459e-001 5.9598744799783365e-001 -6.0728784415986405e+000 -7.7657826030160004e-001 4.2939074953429601e-001 -4.6103122436697896e-001 1.4282655221111135e+001 0.0000000000000000e+000 0.0000000000000000e+000 0.0000000000000000e+000 1.0000000000000000e+000</transform>
        <orientation>1</orientation>
      </camera>
      <camera id="30" label="IMG_1720.JPG" sensor_id="0" enabled="true">
        <transform>-1.4657539385177876e-001 -5.6366811662891947e-001 8.1289231034202969e-001 -9.3132876514888867e+000 9.5994187165715200e-002 8.0978411891900204e-001 5.7882190419590096e-001 -5.8562949274874079e+000 -9.8453073590802098e-001 1.6287398516209403e-001 -6.4585563478445768e-002 9.8046053060395124e+000 0.0000000000000000e+000 0.0000000000000000e+000 0.0000000000000000e+000 1.0000000000000000e+000</transform>
        <orientation>1</orientation>
      </camera>
      <camera id="31" label="IMG_1721.JPG" sensor_id="0" enabled="true">
        <transform>2.3288941696865237e-001 -5.5841906067924096e-001 7.9619763384106768e-001 -9.1073742361425598e+000 8.8881661354425878e-002 8.2750493491285193e-001 5.5437860075020329e-001 -5.5839596294382554e+000 -9.6843304866102020e-001 -5.8341540646355244e-002 2.4235035567568566e-001 6.3453111833707849e+000 0.0000000000000000e+000 0.0000000000000000e+000 0.0000000000000000e+000 1.0000000000000000e+000</transform>
        <orientation>1</orientation>
      </camera>
      <camera id="32" label="IMG_1722.JPG" sensor_id="0" enabled="true">
        <transform>6.6913081674571973e-001 -4.3656160929928556e-001 6.0139663398394927e-001 -6.8978943451743433e+000 7.2342747181095707e-002 8.4368092003735728e-001 5.3194833592672386e-001 -5.3318470374131355e+000 -7.3961508706319556e-001 -3.1243633983731234e-001 5.9611496922788754e-001 2.3783333469791326e+000 0.0000000000000000e+000 0.0000000000000000e+000 0.0000000000000000e+000 1.0000000000000000e+000</transform>
        <orientation>1</orientation>
      </camera>
      <camera id="33" label="IMG_1723.JPG" sensor_id="0" enabled="true">
        <transform>9.3320324315785830e-001 -2.1487837655951370e-001 2.8802602355829438e-001 -3.3525712117648863e+000 3.7819173804773065e-002 8.5579881531997026e-001 5.1592450783972255e-001 -5.1622516167638377e+000 -3.5735335041437583e-001 -4.7056951769540212e-001 8.0676075261724101e-001 7.6771022945363180e-003 0.0000000000000000e+000 0.0000000000000000e+000 0.0000000000000000e+000 1.0000000000000000e+000</transform>
        <orientation>1</orientation>
      </camera>
      <camera id="34" label="IMG_1724.JPG" sensor_id="1" enabled="true">
        <transform>-9.2632948322362740e-001 3.1659036074177821e-001 -2.0416716679240593e-001 6.1077157960970530e-001 5.4793899950977498e-002 -4.2297196732258568e-001 -9.0448457332749665e-001 3.3694823868019599e+000 -3.7270808555598794e-001 -8.4903784270470073e-001 3.7446418335608300e-001 7.6736126979165231e+000 0.0000000000000000e+000 0.0000000000000000e+000 0.0000000000000000e+000 1.0000000000000000e+000</transform>
        <orientation>1</orientation>
      </camera>
      <camera id="35" label="IMG_1725.JPG" sensor_id="1" enabled="true">
        <transform>-9.9920608087973894e-001 1.6297017342033412e-002 -3.6354025343916116e-002 -2.4723378889962816e-002 2.6286420174999887e-002 -4.1600423594401081e-001 -9.0898267298723756e-001 3.3830768233945094e+000 -2.9937134921965924e-002 -9.0921663144840970e-001 4.1524557198153345e-001 7.5664193827251962e+000 0.0000000000000000e+000 0.0000000000000000e+000 0.0000000000000000e+000 1.0000000000000000e+000</transform>
        <orientation>1</orientation>
      </camera>
      <camera id="36" label="IMG_1726.JPG" sensor_id="1" enabled="true">
        <transform>-9.3815471743760614e-001 -3.1272490532603875e-001 1.4855591451835728e-001 -7.0881856229564733e-001 -4.3927470558788873e-003 -4.1829785202366421e-001 -9.0829929580821067e-001 3.3757271367460797e+000 3.4618843123777032e-001 -8.5277783776386251e-001 3.9105438176284690e-001 7.7036018271773354e+000 0.0000000000000000e+000 0.0000000000000000e+000 0.0000000000000000e+000 1.0000000000000000e+000</transform>
        <orientation>1</orientation>
      </camera>
      <camera id="37" label="IMG_1727.JPG" sensor_id="1" enabled="true">
        <transform>-8.3824395505643057e-001 -4.8522222790904612e-001 2.4881009094153425e-001 -1.0718322227416588e+000 -2.2351998473403162e-002 -4.2532665687348836e-001 -9.0476384936461018e-001 3.3606017625848850e+000 5.4483709489681209e-001 -7.6397423025636391e-001 3.4568181255107833e-001 7.8992220642080202e+000 0.0000000000000000e+000 0.0000000000000000e+000 0.0000000000000000e+000 1.0000000000000000e+000</transform>
        <orientation>1</orientation>
      </camera>
      <camera id="38" label="IMG_1728.JPG" sensor_id="1" enabled="true">
        <transform>-6.3150210770555582e-001 -6.8381956570732028e-001 3.6550771471925547e-001 -1.4854006812092322e+000 -4.2827975301356069e-002 -4.3991315608919995e-001 -8.9701849458705452e-001 3.3313126373623190e+000 7.7419044975705253e-001 -5.8212302536104099e-001 2.4851947780703598e-001 8.2883823298816655e+000 0.0000000000000000e+000 0.0000000000000000e+000 0.0000000000000000e+000 1.0000000000000000e+000</transform>
        <orientation>1</orientation>
      </camera>
      <camera id="39" label="IMG_1729.JPG" sensor_id="1" enabled="true">
        <transform>-2.2597014725874853e-001 -8.5381240298523253e-001 4.6897960835887365e-001 -1.8220290256029132e+000 -6.1509899833571524e-002 -4.6796544503546128e-001 -8.8160358125136185e-001 3.2677900646876736e+000 9.7219032332682864e-001 -2.2806297981335238e-001 5.3228305142386412e-002 9.0441057233879611e+000 0.0000000000000000e+000 0.0000000000000000e+000 0.0000000000000000e+000 1.0000000000000000e+000</transform>
        <orientation>1</orientation>
      </camera>
      <camera id="40" label="IMG_1730.JPG" sensor_id="1" enabled="true">
        <transform>1.6056609835858882e-001 -8.6159480678602485e-001 4.8153184419854556e-001 -1.8202375000411961e+000 -6.4109694620668289e-002 -4.9593545127301020e-001 -8.6598959302423517e-001 3.2104973780754831e+000 9.8494084853535468e-001 1.0817771068934778e-001 -1.3486700039841926e-001 9.7491553196049523e+000 0.0000000000000000e+000 0.0000000000000000e+000 0.0000000000000000e+000 1.0000000000000000e+000</transform>
        <orientation>1</orientation>
      </camera>
      <camera id="41" label="IMG_1731.JPG" sensor_id="1" enabled="true">
        <transform>4.7119474974615294e-001 -7.6746823377389073e-001 4.3470451798853521e-001 -1.6071488952024933e+000 -5.7920196657368084e-002 -5.1870528111142766e-001 -8.5298891092808860e-001 3.1613123096175682e+000 8.8012542210234557e-001 3.7674572525126210e-001 -2.8886311615377391e-001 1.0313507143689806e+001 0.0000000000000000e+000 0.0000000000000000e+000 0.0000000000000000e+000 1.0000000000000000e+000</transform>
        <orientation>1</orientation>
      </camera>
      <camera id="42" label="IMG_1732.JPG" sensor_id="1" enabled="true">
        <transform>6.8798775028266335e-001 -6.2891179760104932e-001 3.6213644707377479e-001 -1.3074471160359527e+000 -4.5730805188408885e-002 -5.3557945999004253e-001 -8.4324571477926547e-001 3.1276482424353165e+000 7.2428002106769440e-001 5.6358193093372966e-001 -3.9723275067293851e-001 1.0699884470918244e+001 0.0000000000000000e+000 0.0000000000000000e+000 0.0000000000000000e+000 1.0000000000000000e+000</transform>
        <orientation>1</orientation>
      </camera>
      <camera id="43" label="IMG_1733.JPG" sensor_id="1" enabled="true">
        <transform>8.9121355923937862e-001 -3.8996668988243288e-001 2.3165572000280255e-001 -7.9639170641185786e-001 -2.4406206086259125e-002 -5.5121124774119479e-001 -8.3400869148233103e-001 3.0941398161122953e+000 4.5292684721967358e-001 7.3762601712909603e-001 -5.0076454539225612e-001 1.1057612441531314e+001 0.0000000000000000e+000 0.0000000000000000e+000 0.0000000000000000e+000 1.0000000000000000e+000</transform>
        <orientation>1</orientation>
      </camera>
      <camera id="44" label="IMG_1734.JPG" sensor_id="1" enabled="true">
        <transform>9.9819329580116434e-001 -4.5834428707620826e-002 3.8850345721185675e-002 -5.8463156401161925e-002 6.4759629498981064e-003 -5.6075841885889854e-001 -8.2795413978235521e-001 3.0749383959163077e+000 5.9734463431767540e-002 8.2670986496104792e-001 -5.5944847220687333e-001 1.1228305947945614e+001 0.0000000000000000e+000 0.0000000000000000e+000 0.0000000000000000e+000 1.0000000000000000e+000</transform>
        <orientation>1</orientation>
      </camera>
      <camera id="45" label="IMG_1735.JPG" sensor_id="1" enabled="true">
        <transform>9.4767742977620240e-001 2.8336370113886972e-001 -1.4701191097884767e-001 6.3179053846302446e-001 3.8819679989303926e-002 -5.5939745642691352e-001 -8.2799004715553648e-001 3.0786504453520456e+000 -3.1686041333416726e-001 7.7896052442982044e-001 -5.4112843192879811e-001 1.1113086208286390e+001 0.0000000000000000e+000 0.0000000000000000e+000 0.0000000000000000e+000 1.0000000000000000e+000</transform>
        <orientation>1</orientation>
      </camera>
      <camera id="46" label="IMG_1736.JPG" sensor_id="1" enabled="true">
        <transform>7.6180722068595175e-001 5.6844839511591294e-001 -3.1067053384717469e-001 1.2212767423625392e+000 6.7544943739039243e-002 -5.4666249332502059e-001 -8.3462434601859170e-001 3.1067260787136757e+000 -6.4427279865444842e-001 6.1483862962716873e-001 -4.5484724955983813e-001 1.0747931263033411e+001 0.0000000000000000e+000 0.0000000000000000e+000 0.0000000000000000e+000 1.0000000000000000e+000</transform>
        <orientation>1</orientation>
      </camera>
      <camera id="47" label="IMG_1737.JPG" sensor_id="1" enabled="true">
        <transform>5.0841089988396304e-001 7.5240716467388169e-001 -4.1880999919604267e-001 1.5955797657604536e+000 8.6453671062299453e-002 -5.2850009299297418e-001 -8.4451963533494556e-001 3.1462571756115758e+000 -8.5676374785528286e-001 3.9315532586221935e-001 -3.3374356938694927e-001 1.0268224081111105e+001 0.0000000000000000e+000 0.0000000000000000e+000 0.0000000000000000e+000 1.0000000000000000e+000</transform>
        <orientation>1</orientation>
      </camera>
      <camera id="48" label="IMG_1738.JPG" sensor_id="1" enabled="true">
        <transform>1.8729348061853290e-001 8.5494564617316660e-001 -4.8372419229075314e-001 1.8020377705008148e+000 9.8967919340864630e-002 -5.0635612966691523e-001 -8.5662641851047416e-001 3.1914750479064553e+000 -9.7730573673704346e-001 1.1256736666675854e-001 -1.7944939370913504e-001 9.6746507972918838e+000 0.0000000000000000e+000 0.0000000000000000e+000 0.0000000000000000e+000 1.0000000000000000e+000</transform>
        <orientation>1</orientation>
      </camera>
      <camera id="49" label="IMG_1739.JPG" sensor_id="1" enabled="true">
        <transform>-1.8932816815469800e-001 8.5129345378825949e-001 -4.8934067915966606e-001 1.7744029544013884e+000 1.0041202968919438e-001 -4.7895590807728500e-001 -8.7207721126719051e-001 3.2509772827701924e+000 -9.7676623049575328e-001 -2.1424447170258587e-001 5.1997411471391697e-003 8.9812225362940108e+000 0.0000000000000000e+000 0.0000000000000000e+000 0.0000000000000000e+000 1.0000000000000000e+000</transform>
        <orientation>1</orientation>
      </camera>
      <camera id="50" label="IMG_1740.JPG" sensor_id="1" enabled="true">
        <transform>-4.3429978822937526e-001 7.7871036221173973e-001 -4.5276248268598934e-001 1.6065123985285061e+000 9.4925968378299308e-002 -4.6027522325543208e-001 -8.8268668245567405e-001 3.2888066379157803e+000 -8.9575261901451442e-001 -4.2632955637771958e-001 1.2597759676789688e-001 8.5381057876181092e+000 0.0000000000000000e+000 0.0000000000000000e+000 0.0000000000000000e+000 1.0000000000000000e+000</transform>
        <orientation>1</orientation>
      </camera>
      <camera id="51" label="IMG_1741.JPG" sensor_id="1" enabled="true">
        <transform>-7.6308182537729186e-001 5.5409863546955784e-001 -3.3268728552446092e-001 1.1151311721367756e+000 7.4649005878889035e-002 -4.3574675027414200e-001 -8.9696839160965869e-001 3.3407576376832120e+000 -6.4197636537504532e-001 -7.0929505270817894e-001 2.9114751330476374e-001 7.9488756022373313e+000 0.0000000000000000e+000 0.0000000000000000e+000 0.0000000000000000e+000 1.0000000000000000e+000</transform>
        <orientation>1</orientation>
      </camera>
    </cameras>
    <transform>
      <rotation>1.0000000000000000e+000 -2.6770426226983197e-032 3.6977854932234923e-032 -1.6827812889083607e-032 1.0000000000000000e+000 -1.9721522630525300e-031 -4.9303806576313227e-032 -9.8607613152626454e-032 1.0000000000000000e+000</rotation>
      <translation>6.6174449004242229e-024 -1.0587911840678754e-022 0.0000000000000000e+000</translation>
      <scale>8.4114187496385759e-002</scale>
    </transform>
    <region>
      <center>9.6220462409888560e-002 -2.8563209293906960e-002 9.0645575523376447e+000</center>
      <size>3.4205929120381673e+000 3.3809301694234213e+000 3.1748200734456375e+000</size>
      <R>-8.4068906962080880e-001 -5.4151813286361794e-001 0.0000000000000000e+000 5.4151813286361827e-001 -8.4068906962080858e-001 0.0000000000000000e+000 0.0000000000000000e+000 0.0000000000000000e+000 1.0000000000000000e+000</R>
    </region>
    <settings>
      <property name="accuracy_tiepoints" value="1"/>
      <property name="accuracy_cameras" value="10"/>
      <property name="accuracy_cameras_ypr" value="2"/>
      <property name="accuracy_markers" value="0.0050000000000000001"/>
      <property name="accuracy_scalebars" value="0.001"/>
      <property name="accuracy_projections" value="0.10000000000000001"/>
    </settings>
  </chunk>
</document>
