# Bundle file v0.3
52 20314
7.5509801885e+003 -8.5354586439e-002 -3.3118665114e+000
9.9999998969e-001 4.0109053466e-005 1.3790287809e-004
3.9700126828e-005 -9.9999560641e-001 2.9640485375e-003
1.3802115738e-004 -2.9640430322e-003 -9.9999559769e-001
-1.8936795622e-004 -2.3107589243e-003 -4.8822155068e-004
7.5509801885e+003 -8.5354586439e-002 -3.3118665114e+000
9.9999998370e-001 9.6397645559e-005 1.5265684257e-004
9.5823652469e-005 -9.9999294321e-001 3.7555761289e-003
1.5301779400e-004 -3.7555614396e-003 -9.9999293615e-001
-1.2419538353e-004 -2.6830440374e-003 -5.2920850834e-004
7.5509801885e+003 -8.5354586439e-002 -3.3118665114e+000
9.6689088337e-001 -1.7237686008e-002 2.5460730908e-001
-1.8972243939e-002 -9.9981051138e-001 4.3583589323e-003
2.5448393587e-001 -9.0445294946e-003 -9.6703470614e-001
-1.9464987417e-001 -3.3715230780e-003 -2.1570106079e-002
7.5509801885e+003 -8.5354586439e-002 -3.3118665114e+000
8.1287210158e-001 -4.1075526528e-002 5.8099203746e-001
-4.7670791793e-002 -9.9885540439e-001 -3.9213187177e-003
5.8048810675e-001 -2.4508819864e-002 -8.1389979461e-001
-4.4648042796e-001 2.6441269940e-003 -1.3308182103e-001
7.5509801885e+003 -8.5354586439e-002 -3.3118665114e+000
6.0921378570e-001 -5.2013753521e-002 7.9129838415e-001
-6.3462317116e-002 -9.9784397385e-001 -1.6731352311e-002
7.9046258458e-001 -4.0024658507e-002 -6.1120121817e-001
-6.0890749316e-001 1.1985968686e-002 -2.8399262219e-001
7.5509801885e+003 -8.5354586439e-002 -3.3118665114e+000
3.2921050630e-001 -5.8790756290e-002 9.4242458028e-001
-7.7533559072e-002 -9.9637267503e-001 -3.5071921474e-002
9.4106800485e-001 -6.1523486840e-002 -3.3257460939e-001
-7.2762885217e-001 2.5749168270e-002 -4.9377373027e-001
7.5509801885e+003 -8.5354586439e-002 -3.3118665114e+000
2.9615919561e-002 -5.9347621975e-002 9.9779795403e-001
-8.4509571372e-002 -9.9481033308e-001 -5.6661570299e-002
9.9598244445e-001 -8.2645392903e-002 -3.4477664898e-002
-7.7401605443e-001 4.2214688133e-002 -7.1975590650e-001
7.5509801885e+003 -8.5354586439e-002 -3.3118665114e+000
-1.7443266455e-001 -5.6081491198e-002 9.8307075630e-001
-8.6167886119e-002 -9.9367729460e-001 -7.1975895908e-002
9.8089160509e-001 -9.7264076282e-002 1.6849735465e-001
-7.6561400184e-001 5.3808155682e-002 -8.7467857507e-001
7.5509801885e+003 -8.5354586439e-002 -3.3118665114e+000
-4.3100296022e-001 -4.7753774213e-002 9.0108602549e-001
-8.4083576386e-002 -9.9212834649e-001 -9.2797070436e-002
8.9842439886e-001 -1.1576234771e-001 4.2359494613e-001
-7.0708346881e-001 6.9982559679e-002 -1.0703247220e+000
7.5509801885e+003 -8.5354586439e-002 -3.3118665114e+000
-6.4235897875e-001 -3.5587708338e-002 7.6557720540e-001
-7.3920048572e-002 -9.9138724022e-001 -1.0810719844e-001
7.6283076028e-001 -1.2603513379e-001 6.3419585004e-001
-6.0684027657e-001 8.1635764206e-002 -1.2323421615e+000
7.5509801885e+003 -8.5354586439e-002 -3.3118665114e+000
-8.6117629334e-001 -1.6350008499e-002 5.0804337315e-001
-5.4632282783e-002 -9.9071569791e-001 -1.2448983730e-001
5.0536195490e-001 -1.3496326587e-001 8.5228763420e-001
-4.1414540860e-001 9.4044201393e-002 -1.4017869395e+000
7.5509801885e+003 -8.5354586439e-002 -3.3118665114e+000
-9.6444903922e-001 1.5492255725e-003 2.6426435752e-001
-3.8602693734e-002 -9.9008261954e-001 -1.3507863832e-001
2.6143428006e-001 -1.4047777900e-001 9.5494403544e-001
-2.3000462256e-001 1.0241905960e-001 -1.4839334086e+000
7.5509801885e+003 -8.5354586439e-002 -3.3118665114e+000
-9.9388677247e-001 2.7788908380e-002 -1.0684970792e-001
-1.2323000807e-002 -9.8967982157e-001 -1.4276552257e-001
-1.0971429790e-001 -1.4057605541e-001 9.8397212637e-001
5.2221363365e-002 1.0879439207e-001 -1.5126586382e+000
7.5509801885e+003 -8.5354586439e-002 -3.3118665114e+000
-8.8552327415e-001 4.9974396864e-002 -4.6189943775e-001
1.4167481555e-002 -9.9083100795e-001 -1.3436218275e-001
-4.6437895452e-001 -1.2552479176e-001 8.7669590694e-001
3.2366877264e-001 1.0250039611e-001 -1.4354870263e+000
7.5509801885e+003 -8.5354586439e-002 -3.3118665114e+000
-6.6138467638e-001 6.3756460742e-002 -7.4733220429e-001
3.9160529616e-002 -9.9208640961e-001 -1.1929379187e-001
-7.4902387330e-001 -1.0816501085e-001 6.5365401219e-001
5.4372639816e-001 9.1923602515e-002 -1.2706178634e+000
7.5509801885e+003 -8.5354586439e-002 -3.3118665114e+000
-4.2460198779e-001 7.2210190168e-002 -9.0249589495e-001
5.7219111093e-002 -9.9268144240e-001 -1.0634626105e-001
-9.0357021049e-001 -9.6794846711e-002 4.1736271079e-001
6.6521161278e-001 8.2341661039e-002 -1.0946993612e+000
7.5509801885e+003 -8.5354586439e-002 -3.3118665114e+000
1.0518672887e-002 7.5357973134e-002 -9.9710106479e-001
6.3606208222e-002 -9.9518726402e-001 -7.4542335609e-002
-9.9791963995e-001 -6.2637731501e-002 -1.5261284222e-002
7.4375241172e-001 5.7996286208e-002 -7.6617525292e-001
7.5509801885e+003 -8.5354586439e-002 -3.3118665114e+000
4.7360452771e-001 6.5141221506e-002 -8.7832532276e-001
5.5393323976e-002 -9.9748978094e-001 -4.4110277509e-002
-8.7899393115e-001 -2.7762532013e-002 -4.7602406538e-001
6.6054112119e-001 3.4421072575e-002 -4.1258576067e-001
7.5509801885e+003 -8.5354586439e-002 -3.3118665114e+000
8.1807988147e-001 4.0572881766e-002 -5.7367163849e-001
3.6167696844e-002 -9.9916340210e-001 -1.9089096787e-002
-5.7396620566e-001 -5.1319758725e-003 -8.1886290524e-001
4.3336759461e-001 1.5167258511e-002 -1.4594432418e-001
7.5509801885e+003 -8.5354586439e-002 -3.3118665114e+000
9.9144773879e-001 8.0407790126e-003 -1.3025638992e-001
8.1714607610e-003 -9.9996650316e-001 4.6881862992e-004
-1.3024825708e-001 -1.5291941497e-003 -9.9148023333e-001
9.8539544097e-002 -3.1689455843e-006 -9.2294670096e-003
7.5509801885e+003 -8.5354586439e-002 -3.3118665114e+000
9.9892840660e-001 1.5488918309e-002 4.3613437089e-002
-9.4328381402e-003 -8.5442335878e-001 5.1949181470e-001
4.5310705685e-002 -5.1934652919e-001 -8.5336165989e-001
-2.4383388675e-002 -3.5176126050e-001 -2.6486233469e-001
7.5509801885e+003 -8.5354586439e-002 -3.3118665114e+000
8.6916736987e-001 -1.0147680077e-002 4.9441390327e-001
-2.7134715711e-001 -8.4562308831e-001 4.5966543578e-001
4.1342327400e-001 -5.3368400492e-001 -7.3774153970e-001
-3.6982670409e-001 -3.0969905132e-001 -3.4732130976e-001
7.5509801885e+003 -8.5354586439e-002 -3.3118665114e+000
6.0789406636e-001 -2.8676552892e-002 7.9350013195e-001
-4.5242739156e-001 -8.3376048281e-001 3.1646944984e-001
6.5251380020e-001 -5.5138109564e-001 -5.1981210828e-001
-6.0176631413e-001 -2.0267691038e-001 -5.1054294128e-001
7.5509801885e+003 -8.5354586439e-002 -3.3118665114e+000
1.7309340775e-001 -3.6801576475e-002 9.8421761626e-001
-5.7231310250e-001 -8.1703331528e-001 7.0101886044e-002
8.0155872206e-001 -5.7541481184e-001 -1.6248510520e-001
-7.5265030332e-001 -1.6756029737e-002 -7.8146660956e-001
7.5509801885e+003 -8.5354586439e-002 -3.3118665114e+000
-2.4602469778e-001 -3.2754160727e-002 9.6870997364e-001
-5.7476403052e-001 -7.9981956079e-001 -1.7301728062e-001
7.8046022148e-001 -5.9934617303e-001 1.7794945229e-001
-7.4691173622e-001 1.6943388279e-001 -1.0406138105e+000
7.5509801885e+003 -8.5354586439e-002 -3.3118665114e+000
-6.3046872910e-001 -1.3587929679e-002 7.7609570917e-001
-4.8318653476e-001 -7.7563695788e-001 -4.0610107388e-001
6.0748658772e-001 -6.3103302429e-001 4.8244934242e-001
-6.0470559977e-001 3.4930885892e-001 -1.2727664841e+000
7.5509801885e+003 -8.5354586439e-002 -3.3118665114e+000
-9.0050982072e-001 1.2482122903e-002 4.3465648436e-001
-2.8458023499e-001 -7.7270697666e-001 -5.6739582134e-001
3.2877979354e-001 -6.3464015381e-001 6.9938238649e-001
-3.4810101766e-001 4.7433385728e-001 -1.4438756305e+000
7.5509801885e+003 -8.5354586439e-002 -3.3118665114e+000
-9.9828031142e-001 3.7728062616e-002 4.4866614786e-002
-5.7725488712e-002 -7.6593958420e-001 -6.4031579810e-001
1.0207241749e-002 -6.4180460160e-001 7.6680027750e-001
-5.1800788180e-002 5.3352662861e-001 -1.4983923906e+000
7.5509801885e+003 -8.5354586439e-002 -3.3118665114e+000
-9.1429340385e-001 6.3608012212e-002 -4.0002698967e-001
2.0502312332e-001 -7.7906293767e-001 -5.9247485858e-001
-3.4933234976e-001 -6.2371063798e-001 6.9925099176e-001
2.8810357342e-001 4.9981699388e-001 -1.4540695294e+000
7.5509801885e+003 -8.5354586439e-002 -3.3118665114e+000
-6.2391067789e-001 8.7530975325e-002 -7.7657826030e-001
4.2247638280e-001 -7.9820880112e-001 -4.2939074953e-001
-6.5745659323e-001 -5.9598744800e-001 4.6103122437e-001
5.7897915919e-001 3.7809417592e-001 -1.2784408914e+000
7.5509801885e+003 -8.5354586439e-002 -3.3118665114e+000
-1.4657539385e-001 9.5994187166e-002 -9.8453073591e-001
5.6366811663e-001 -8.0978411892e-001 -1.6287398516e-001
-8.1289231034e-001 -5.7882190420e-001 6.4585563478e-002
7.4441112653e-001 1.7699171247e-001 -9.7519361725e-001
7.5509801885e+003 -8.5354586439e-002 -3.3118665114e+000
2.3288941697e-001 8.8881661354e-002 -9.6843304866e-001
5.5841906068e-001 -8.2750493491e-001 5.8341540646e-002
-7.9619763384e-001 -5.5437860075e-001 -2.4235035568e-001
7.3703641478e-001 7.9725097558e-003 -7.4097105629e-001
7.5509801885e+003 -8.5354586439e-002 -3.3118665114e+000
6.6913081675e-001 7.2342747181e-002 -7.3961508706e-001
4.3656160930e-001 -8.4368092004e-001 3.1243633984e-001
-6.0139663398e-001 -5.3194833593e-001 -5.9611496923e-001
5.6864263983e-001 -1.8758300948e-001 -4.6825337695e-001
7.5509801885e+003 -8.5354586439e-002 -3.3118665114e+000
9.3320324316e-001 3.7819173805e-002 -3.5735335041e-001
2.1487837656e-001 -8.5579881532e-001 4.7056951770e-001
-2.8802602356e-001 -5.1592450784e-001 -8.0676075262e-001
2.7981474879e-001 -3.1131219050e-001 -3.0472604337e-001
4.2777768073e+003 -1.7623147751e-001 1.4795948637e-001
-9.2632948322e-001 5.4793899951e-002 -3.7270808556e-001
-3.1659036074e-001 4.2297196732e-001 8.4903784270e-001
2.0416716679e-001 9.0448457333e-001 -3.7446418336e-001
2.7262805631e-001 -6.5163427348e-001 -2.5137628361e-002
4.2777768073e+003 -1.7623147751e-001 1.4795948637e-001
-9.9920608088e-001 2.6286420175e-002 -2.9937134922e-002
-1.6297017342e-002 4.1600423594e-001 9.0921663145e-001
3.6354025344e-002 9.0898267299e-001 -4.1524557198e-001
9.4951618007e-003 -6.9707879525e-001 5.6913951308e-003
4.2777768073e+003 -1.7623147751e-001 1.4795948637e-001
-9.3815471744e-001 -4.3927470559e-003 3.4618843124e-001
3.1272490533e-001 4.1829785202e-001 8.5277783776e-001
-1.4855591452e-001 9.0829929581e-001 -3.9105438176e-001
-2.7901101560e-001 -6.5271390697e-001 -1.3369321014e-002
4.2777768073e+003 -1.7623147751e-001 1.4795948637e-001
-8.3824395506e-001 -2.2351998473e-002 5.4483709490e-001
4.8522222791e-001 4.2532665687e-001 7.6397423026e-001
-2.4881009094e-001 9.0476384936e-001 -3.4568181255e-001
-4.3126436720e-001 -5.8409554532e-001 -4.8501608107e-002
4.2777768073e+003 -1.7623147751e-001 1.4795948637e-001
-6.3150210771e-001 -4.2827975301e-002 7.7419044976e-001
6.8381956571e-001 4.3991315609e-001 5.8212302536e-001
-3.6550771472e-001 8.9701849459e-001 -2.4851947781e-001
-6.0664386224e-001 -4.4366872741e-001 -1.2376141035e-001
4.2777768073e+003 -1.7623147751e-001 1.4795948637e-001
-2.2597014726e-001 -6.1509899834e-002 9.7219032333e-001
8.5381240299e-001 4.6796544504e-001 2.2806297981e-001
-4.6897960836e-001 8.8160358125e-001 -5.3228305142e-002
-7.5730650876e-001 -1.7127057927e-001 -2.7370651161e-001
4.2777768073e+003 -1.7623147751e-001 1.4795948637e-001
1.6056609836e-001 -6.4109694621e-002 9.8494084854e-001
8.6159480679e-001 4.9593545127e-001 -1.0817771069e-001
-4.8153184420e-001 8.6598959302e-001 1.3486700040e-001
-7.6579649672e-001 8.6700615891e-002 -4.1818200813e-001
4.2777768073e+003 -1.7623147751e-001 1.4795948637e-001
4.7119474975e-001 -5.7920196657e-002 8.8012542210e-001
7.6746823377e-001 5.1870528111e-001 -3.7674572525e-001
-4.3470451799e-001 8.5298891093e-001 2.8886311615e-001
-6.8441997394e-001 2.9265143222e-001 -5.3617672327e-001
4.2777768073e+003 -1.7623147751e-001 1.4795948637e-001
6.8798775028e-001 -4.5730805188e-002 7.2428002107e-001
6.2891179760e-001 5.3557945999e-001 -5.6358193093e-001
-3.6213644707e-001 8.4324571478e-001 3.9723275067e-001
-5.6416858205e-001 4.3549500740e-001 -6.1918091720e-001
4.2777768073e+003 -1.7623147751e-001 1.4795948637e-001
8.9121355924e-001 -2.4406206086e-002 4.5292684722e-001
3.8996668988e-001 5.5121124774e-001 -7.3762601713e-001
-2.3165572000e-001 8.3400869148e-001 5.0076454539e-001
-3.5521574801e-001 5.6873170232e-001 -6.9834024825e-001
4.2777768073e+003 -1.7623147751e-001 1.4795948637e-001
9.9819329580e-001 6.4759629499e-003 5.9734463432e-002
4.5834428708e-002 5.6075841886e-001 -8.2670986496e-001
-3.8850345721e-002 8.2795413978e-001 5.5944847221e-001
-5.3183086554e-002 6.3598176346e-001 -7.4271464038e-001
4.2777768073e+003 -1.7623147751e-001 1.4795948637e-001
9.4767742978e-001 3.8819679989e-002 -3.1686041333e-001
-2.8336370114e-001 5.5939745643e-001 -7.7896052443e-001
1.4701191098e-001 8.2799004716e-001 5.4112843193e-001
2.3577637678e-001 5.9834566190e-001 -7.2805704331e-001
4.2777768073e+003 -1.7623147751e-001 1.4795948637e-001
7.6180722069e-001 6.7544943739e-002 -6.4427279865e-001
-5.6844839512e-001 5.4666249333e-001 -6.1483862963e-001
3.1067053385e-001 8.3462434602e-001 4.5484724956e-001
4.8654831247e-001 4.7138814610e-001 -6.6122422642e-001
4.2777768073e+003 -1.7623147751e-001 1.4795948637e-001
5.0841089988e-001 8.6453671062e-002 -8.5676374786e-001
-7.5240716467e-001 5.2850009299e-001 -3.9315532586e-001
4.1880999920e-001 8.4451963533e-001 3.3374356939e-001
6.4887589590e-001 3.0068596556e-001 -5.6796208156e-001
4.2777768073e+003 -1.7623147751e-001 1.4795948637e-001
1.8729348062e-001 9.8967919341e-002 -9.7730573674e-001
-8.5494564617e-001 5.0635612967e-001 -1.1256736667e-001
4.8372419229e-001 8.5662641851e-001 1.7944939371e-001
7.4035021222e-001 8.5264142550e-002 -4.4931286680e-001
4.2777768073e+003 -1.7623147751e-001 1.4795948637e-001
-1.8932816815e-001 1.0041202969e-001 -9.7676623050e-001
-8.5129345379e-001 4.7895590808e-001 2.1424447170e-001
4.8934067916e-001 8.7207721127e-001 -5.1997411471e-003
7.3869601939e-001 -1.6576504346e-001 -3.0757956859e-001
4.2777768073e+003 -1.7623147751e-001 1.4795948637e-001
-4.3429978823e-001 9.4925968378e-002 -8.9575261901e-001
-7.7871036221e-001 4.6027522326e-001 4.2632955638e-001
4.5276248269e-001 8.8268668246e-001 -1.2597759677e-001
6.7573514910e-001 -3.2828044810e-001 -2.1489024227e-001
4.2777768073e+003 -1.7623147751e-001 1.4795948637e-001
-7.6308182538e-001 7.4649005879e-002 -6.4197636538e-001
-5.5409863547e-001 4.3574675027e-001 7.0929505271e-001
3.3268728552e-001 8.9696839161e-001 -2.9114751330e-001
4.7983294580e-001 -5.4471757025e-001 -8.8593150434e-002
-9.8110563975e-003 -1.4792059275e-001 7.3684968717e-001
54 52 46
3 0 5 -66.8127 1105.8901 1 5 -66.8101 1108.1575 19 2 -51.3127 1107.3958
-1.9414219012e-002 -1.2963534537e-001 7.5628326869e-001
32 32 27
3 0 8 -159.7678 896.8746 1 8 -158.4512 898.1465 19 3 -166.9148 898.9947
-2.0986741628e-003 -1.2578108307e-001 7.3326460486e-001
30 31 26
3 0 9 10.4072 897.0942 1 9 11.4824 898.8569 19 4 32.2847 897.1515
-1.4508148092e-002 -1.2265745217e-001 7.5513030199e-001
42 39 30
3 0 10 -111.5583 831.4166 1 10 -110.6521 833.3458 19 5 -117.1318 833.7254
-1.7745902239e-002 -1.2099511411e-001 7.5529009533e-001
56 58 52
3 0 12 -143.3530 815.2045 1 12 -142.8936 817.3689 19 6 -149.0198 817.4485
-1.4622267570e-002 -1.0687315707e-001 7.4742452485e-001
41 39 31
3 0 15 -114.4143 689.2834 1 15 -113.4307 691.3666 19 7 -108.7009 691.4552
-1.2267121441e-004 -7.9770563113e-002 7.0370933455e-001
75 69 60
4 0 19 30.6169 469.3992 1 19 31.3801 471.4778 2 1 -118.9495 471.0657 19 9 98.5208 471.6027
-3.4085906854e-002 -7.1146234979e-002 7.0980153586e-001
53 51 39
3 0 21 -328.2559 372.1053 1 21 -327.7966 374.0869 17 0 204.2957 375.3650
-1.7459988125e-002 -6.8801360964e-002 7.0373909525e-001
61 56 39
5 0 22 -153.7842 353.5375 1 22 -152.6138 355.6748 2 2 -298.8782 353.8115 18 0 166.2561 358.5007 19 10 -84.4373 357.2679
-3.2556401521e-002 -6.7686001244e-002 7.0921113476e-001
55 51 36
6 0 23 -312.7043 336.3435 1 23 -312.2173 338.0299 2 3 -432.9814 335.1979 17 1 219.7190 339.6479 18 1 2.8521 345.2047 19 11 -249.7632 341.2872
-3.2122419614e-002 -6.2008449410e-002 7.0898347738e-001
60 53 38
3 0 24 -308.1084 276.8884 1 24 -307.6348 279.3367 2 4 -430.9709 275.9720
-1.2333701412e-004 -3.7690958317e-002 7.0247149768e-001
62 57 35
4 0 28 31.3445 23.9044 1 28 31.2708 25.8937 2 6 -130.7095 24.5565 19 14 104.4106 28.4977
-1.1923271971e-002 -3.6263933398e-002 7.0217212582e-001
64 58 38
3 0 29 -95.5525 9.3094 1 29 -94.5862 11.0104 2 7 -253.5554 9.4136
-1.7415916107e-002 -2.2175376938e-002 7.0133946776e-001
68 64 42
3 0 32 -154.5229 -141.6553 1 32 -154.1172 -139.0833 18 2 202.3037 -130.0751
2.7019004771e-002 -1.3909386824e-002 7.0806274046e-001
69 63 42
4 0 35 320.2024 -232.0791 1 35 320.6541 -229.4176 3 3 -102.9150 -241.3236 4 0 -308.7651 -243.6023
-1.8930236510e-003 -1.1706668318e-002 6.9840928144e-001
70 64 43
8 0 37 12.3918 -252.7998 1 37 13.1870 -250.7017 2 8 -165.9734 -252.9954 3 4 -414.5745 -252.5614 18 3 354.9973 -235.2140 19 15 93.4158 -247.3605 20 0 68.5249 -192.0980 21 1 -196.3796 -187.1405
3.6357436969e-002 -1.0163358674e-002 7.1363416950e-001
52 46 31
8 0 38 415.8816 -273.1907 1 38 416.7837 -270.4113 2 9 274.4155 -277.5437 3 5 13.3203 -286.6998 4 1 -201.9453 -289.7733 5 1 -428.4536 -289.5862 21 2 163.9856 -226.5167 22 0 -82.5554 -243.8969
1.3382471643e-002 -4.6402594470e-003 6.9899511014e-001
76 66 42
3 0 39 176.6543 -329.7686 1 39 178.0396 -327.9834 2 10 -6.4265 -332.5610
1.3335615826e-002 -3.2175640819e-003 6.9881478111e-001
95 81 51
4 0 40 176.4780 -344.9819 1 40 177.2524 -343.5210 2 11 -7.7009 -347.6387 19 16 255.6445 -338.1719
-4.9468427388e-002 3.7010339436e-003 7.0989354538e-001
74 68 52
3 0 42 -493.5762 -419.6765 1 42 -492.5857 -417.4402 19 17 -425.5754 -417.5945
-4.7576566891e-002 1.0645565736e-002 7.0471413946e-001
71 69 53
3 0 44 -477.2031 -494.5815 1 44 -476.5159 -492.1748 19 18 -400.8733 -492.6704
-1.6029844749e-002 1.3398960108e-002 6.9066171097e-001
118 114 97
4 0 46 -142.5183 -526.4995 1 46 -141.5728 -524.8750 2 12 -343.0996 -524.2837 19 19 -45.6755 -521.2561
-6.7283930877e-002 3.5237833239e-002 6.9515236909e-001
88 81 62
3 0 56 -698.6674 -764.3933 1 56 -698.0139 -762.4099 19 21 -607.2554 -767.4944
-7.6547136570e-002 3.6910875327e-002 7.0412887228e-001
89 80 58
3 0 57 -788.3242 -777.5247 1 57 -787.9833 -775.2427 19 22 -712.1278 -782.3977
1.3828823972e-003 -1.0279785534e-001 7.3952999585e-001
38 36 30
4 0 59 46.2427 659.7112 1 59 46.7485 662.0562 2 13 -0.1040 665.0586 19 23 60.9792 660.3700
1.3414893317e-002 -9.9293903048e-002 7.3616687547e-001
97 94 82
3 0 60 168.6548 629.4170 1 60 169.3577 631.6682 19 24 186.3953 628.5441
-2.1643110998e-002 -6.6278604554e-002 7.0465670370e-001
52 47 36
5 0 61 -198.5569 326.2338 1 61 -197.5999 327.9950 2 14 -338.4585 325.8734 18 4 126.1511 331.8444 19 25 -129.7095 330.0396
3.7274348522e-002 -6.7261540156e-002 7.2572840761e-001
63 57 43
3 0 62 418.1118 314.9330 1 62 418.6768 317.5850 2 15 321.0195 321.8114
-3.5665462919e-002 -4.3895579499e-002 7.1052694308e-001
64 58 39
4 0 65 -345.2822 84.9733 1 65 -345.0496 86.3544 17 4 208.9351 92.3904 19 27 -282.1035 89.5524
9.1868141531e-003 -2.1963136368e-002 7.0207626586e-001
61 56 41
4 0 68 131.1299 -143.6626 1 68 131.4746 -141.5864 3 6 -292.8696 -147.3500 19 28 204.7708 -138.4510
2.6380653640e-002 -1.9376921616e-002 7.0892179010e-001
70 64 41
6 0 69 312.0769 -174.1511 1 69 313.8984 -172.0656 2 16 159.4751 -176.4506 3 7 -100.2422 -181.4362 4 2 -302.0117 -183.5654 19 29 372.9534 -168.7876
-4.4360480254e-002 -1.2337944011e-002 7.1135863853e-001
72 66 43
3 0 70 -437.4648 -248.1106 1 70 -437.5159 -248.4530 19 30 -373.2991 -246.2754
-5.9236913340e-002 -3.8412958795e-003 7.2358868494e-001
82 76 48
3 0 71 -585.4529 -339.4443 1 71 -583.9033 -337.7341 19 31 -538.5559 -339.7104
3.5424577166e-002 4.2805947831e-004 7.0875044543e-001
73 65 41
4 0 72 408.6426 -383.3264 1 72 410.2900 -382.0364 19 32 468.7036 -375.6755 21 3 134.6992 -324.5210
-6.0881415531e-003 4.7583669277e-003 6.9352764303e-001
58 56 51
4 0 73 -34.1033 -431.6897 1 73 -33.1824 -429.8835 2 17 -228.2083 -431.6921 19 33 57.8196 -425.6433
2.5007800629e-002 4.7935589267e-003 7.0023350853e-001
80 75 54
4 0 74 302.0857 -430.7937 1 74 303.1150 -428.7356 19 34 376.0740 -423.2249 22 1 -239.0886 -346.5723
-7.8180596315e-002 3.4550662214e-002 7.0701862895e-001
89 81 57
3 0 75 -802.4382 -750.3728 1 75 -801.8419 -748.5078 19 35 -730.9581 -755.4189
-7.6223569094e-002 3.4355708524e-002 7.0532836516e-001
95 85 59
3 0 76 -784.1741 -750.0703 1 76 -782.4011 -746.5742 19 36 -709.1969 -753.8945
3.7792441653e-003 -1.4025603740e-001 7.3382572656e-001
40 37 31
3 0 79 70.4087 1037.3330 1 79 70.4802 1039.7726 4 3 -159.0237 1049.4131
-1.8163106146e-003 -1.3778382305e-001 7.3129863339e-001
42 39 33
4 0 80 13.2981 1018.1622 1 80 13.8264 1019.9246 2 18 -47.3704 1024.4353 19 37 36.7400 1018.1177
6.0559699325e-003 -1.0738713090e-001 7.4325072602e-001
32 32 25
4 0 83 92.8877 699.7737 1 83 93.6760 702.2172 2 20 56.3589 707.1921 19 40 102.2463 699.7318
-3.1830515506e-002 -8.3936520685e-002 7.1321527350e-001
108 106 91
3 0 87 -302.9648 501.1888 1 87 -301.4771 503.4648 19 41 -246.9880 505.6835
-2.2690371040e-002 -7.6083774990e-002 7.0473331145e-001
49 45 37
3 0 90 -209.4209 429.3604 1 90 -208.7959 431.6354 18 6 112.1282 434.2268
-3.5758851177e-002 -7.5312317891e-002 7.1088126395e-001
74 65 46
3 0 91 -345.4292 414.3885 1 91 -344.6172 416.0380 17 5 183.4092 418.4884
4.9265674422e-003 -6.9079124224e-002 7.0402105991e-001
56 53 37
3 0 94 85.0510 356.9192 1 94 85.4299 358.5773 3 8 -294.7959 355.3185
-1.3941808497e-002 -6.7512941928e-002 7.0327206874e-001
58 52 39
3 0 96 -116.6025 340.6184 1 96 -115.9680 342.6052 18 7 199.6638 344.5219
-1.8723483321e-002 -6.5877446662e-002 7.0405844128e-001
53 51 38
4 0 97 -167.2473 322.2180 1 97 -166.9177 324.1107 18 8 154.8503 327.4274 19 43 -97.6563 327.1493
-1.3529293557e-002 -6.4751367873e-002 7.0304649701e-001
65 60 44
5 0 98 -112.2012 311.7797 1 98 -111.4470 313.5793 2 21 -261.5254 311.6010 18 9 205.9238 315.5319 19 44 -41.4214 315.4020
-3.1149059981e-002 -6.0566027737e-002 7.0847537948e-001
54 48 35
5 0 99 -298.3909 262.0719 1 99 -297.3372 264.0754 2 22 -423.3169 261.2164 18 10 22.7161 270.5919 19 45 -233.1885 267.3196
-4.8536271369e-003 -6.0017064014e-002 7.0187042765e-001
34 33 28
4 0 100 -19.4617 262.1689 1 100 -18.9033 264.3622 2 23 -177.2043 263.0300 19 46 52.7341 265.7264
-4.6385105793e-002 -6.0233235244e-002 7.1887799011e-001
52 49 39
3 0 101 -452.8901 248.9778 1 101 -451.7605 251.2480 19 47 -403.4026 253.8984
-1.9015873748e-002 -5.7475717189e-002 7.0421566766e-001
121 115 92
4 0 102 -171.0479 233.0438 1 102 -169.7964 234.9745 18 11 155.0046 239.9281 19 48 -99.8748 237.5409
-1.8305319311e-002 -5.7435513160e-002 7.0385669417e-001
123 116 91
5 0 103 -163.3232 233.3159 1 103 -162.4612 235.2262 2 24 -309.5825 233.0859 18 12 163.0310 239.5664 19 49 -91.4136 237.3984
1.5611720847e-002 -5.0246793222e-002 6.8798108143e-001
85 76 54
3 0 104 202.7642 168.4177 1 104 204.0447 170.0948 13 1 -60.7839 164.8062
2.8666038828e-002 -5.2246771922e-002 7.1411218582e-001
76 68 51
3 0 105 334.0889 169.7793 1 105 335.1194 171.6077 5 3 -419.2249 164.6920
-3.8927697204e-002 -4.8938886337e-002 7.1295978064e-001
67 61 42
3 0 110 -378.2078 136.6688 1 110 -377.9443 138.6746 2 25 -488.2649 136.7936
4.1559612138e-002 1.7370585676e-002 7.0172587565e-001
71 62 44
3 0 113 479.4180 -567.1086 1 113 480.2910 -565.2920 4 4 -291.3018 -596.2583
8.1727998942e-003 1.8057133761e-002 6.8777596518e-001
108 103 83
3 0 115 122.2146 -578.6265 1 115 123.0151 -576.6807 19 50 221.2935 -569.9978
3.5765281114e-002 2.2462242383e-002 6.9227376266e-001
65 56 36
3 0 116 422.3040 -625.4624 1 116 423.4951 -623.5378 2 26 208.5032 -637.6619
-2.2821235930e-002 2.4346893328e-002 6.8300005348e-001
79 72 51
4 0 118 -220.6133 -650.7327 1 118 -218.9731 -648.2930 18 13 294.0542 -627.9238 19 51 -108.1311 -644.9575
4.8590130553e-002 2.5028554410e-002 6.9819758736e-001
91 87 68
3 0 119 557.7141 -651.5090 1 119 558.5081 -649.7126 19 52 630.5391 -636.4490
-6.1977189637e-002 2.6692499328e-002 7.0081508569e-001
94 94 75
3 0 120 -635.2595 -668.3362 1 120 -635.0841 -666.1282 19 53 -552.8877 -670.6746
-5.9952173037e-002 3.4368533303e-002 6.9060002368e-001
100 97 77
3 0 123 -623.4871 -757.2688 1 123 -622.7145 -755.1672 19 54 -524.0601 -759.5137
-6.3383934559e-002 3.5793908748e-002 6.9256559407e-001
86 81 62
3 0 124 -659.4867 -771.7959 1 124 -657.8342 -769.9058 19 55 -562.9559 -774.5605
1.5722879797e-002 3.6099352074e-002 6.7338983173e-001
124 117 91
3 0 125 208.9417 -786.5254 1 125 209.5549 -784.3313 19 56 330.8772 -774.7393
-2.5935877461e-002 -8.7972320286e-002 7.1594299074e-001
80 77 70
3 0 128 -239.5154 539.8480 1 128 -238.6565 541.9387 19 57 -188.3479 543.9344
1.0720817309e-002 -8.4441805958e-002 7.0979279215e-001
101 101 89
3 0 129 145.3154 510.5183 1 129 146.3677 513.0806 19 58 201.6536 512.1703
2.1686011401e-003 -7.7638315716e-002 7.0348921762e-001
53 47 35
3 0 130 55.4177 446.9646 1 130 56.0686 449.2023 19 59 122.8411 449.2419
3.2553659710e-003 -6.9595594830e-002 7.0383672000e-001
51 47 32
6 0 132 67.3977 362.3273 1 132 68.1638 364.1390 2 27 -85.7048 364.6482 3 11 -310.6484 360.4373 18 14 338.3237 361.3622 19 60 135.0225 365.3188
3.0295901318e-002 -7.0202485645e-002 7.1749183101e-001
53 52 40
3 0 133 349.2585 354.4233 1 133 350.1343 355.7703 19 61 391.5212 354.9497
2.9810758168e-002 -6.3812993114e-002 7.1673545982e-001
50 47 38
4 0 134 344.9331 288.5688 1 134 345.5840 290.4010 2 28 222.1082 292.5072 19 62 388.6221 289.5214
-1.6730051124e-002 -6.1358075675e-002 7.0383278934e-001
53 48 32
5 0 135 -146.6780 274.8086 1 135 -145.3801 277.0273 2 29 -291.5586 275.0431 18 15 175.8062 279.8009 19 63 -76.7397 279.1134
-2.4131549341e-002 -4.9643672632e-002 7.0527020745e-001
49 47 35
3 0 136 -225.1865 149.7750 1 136 -224.2180 151.4258 18 16 108.0833 156.6666
-1.0054315462e-002 -3.3140237313e-002 7.0170461800e-001
60 52 32
3 0 138 -75.5933 -23.7017 1 138 -74.6421 -21.8612 2 30 -236.4353 -24.1484
-2.2035572807e-002 -2.9326963676e-002 7.0316096744e-001
77 68 43
4 0 139 -203.6907 -65.6636 1 139 -202.5911 -63.2416 2 31 -355.1714 -64.4368 19 64 -128.8899 -61.3546
-1.9182895441e-002 -2.2439132211e-002 7.0152990420e-001
65 59 40
5 0 140 -173.0764 -138.1595 1 140 -173.1926 -136.3180 2 32 -331.3823 -137.3047 20 2 -84.7219 -94.2577 33 3 125.0342 -78.4414
9.5829496747e-003 -7.1116515633e-003 6.9920888989e-001
81 73 46
4 0 142 136.1699 -303.0548 1 142 136.0681 -301.2393 2 33 -45.1104 -305.7804 19 65 215.0120 -295.8976
-2.3628938822e-002 -5.9626418380e-003 6.9911319036e-001
71 69 58
3 0 143 -222.8235 -315.0842 1 143 -221.4121 -314.0297 2 34 -389.3503 -312.3013
1.6265130315e-002 -5.9490506052e-003 7.0057595721e-001
69 62 40
6 0 144 207.1523 -315.4847 1 144 208.4766 -313.7024 3 12 -249.4380 -321.6724 19 66 282.7234 -308.9314 20 3 230.1223 -227.1198 21 5 -48.3252 -263.0476
-1.0992674553e-002 -2.4777143787e-004 6.9507808765e-001
60 59 53
3 0 145 -86.7896 -377.3572 1 145 -86.1462 -375.2292 2 35 -273.5100 -375.9409
1.0656543005e-002 1.0091106484e-003 6.9641860297e-001
91 84 57
3 0 146 147.1201 -390.0627 1 146 148.4783 -388.5149 21 6 -108.9927 -319.3726
9.2044131294e-003 3.7332781986e-002 6.7176723143e-001
88 82 70
7 0 149 136.0933 -801.5603 1 149 137.1123 -799.7349 2 36 -140.5212 -806.7219 3 13 -531.0264 -801.0527 4 5 -774.4110 -785.8713 19 68 262.7244 -790.6572 21 7 -231.7063 -685.3630
-2.6825074480e-003 -1.3851508615e-001 7.3053873263e-001
55 52 46
3 0 152 4.2856 1026.5398 1 152 5.3499 1028.2122 19 69 28.8315 1027.4746
2.4753373466e-003 -1.1230830653e-001 7.3965673956e-001
33 32 27
3 0 154 57.2935 753.7755 1 154 57.5759 756.5910 19 70 70.7993 753.4922
-5.6316648936e-003 -1.0362982153e-001 7.3699576331e-001
55 49 39
4 0 156 -25.2739 671.5679 1 156 -24.4404 673.7081 2 37 -75.6040 675.4590 19 72 -5.9346 672.8341
1.2617629985e-002 -1.0020971662e-001 7.4128379193e-001
99 96 88
3 0 158 159.1135 630.5962 1 158 161.0137 631.7117 19 73 170.5894 632.3521
6.6346360801e-003 -9.2876770561e-002 7.2004010161e-001
113 111 98
3 0 160 100.7261 585.3099 1 160 102.3328 587.5156 19 75 142.7698 586.1178
2.7389491987e-002 -6.9222367683e-002 7.1521036395e-001
87 84 72
3 0 165 319.8369 346.2522 1 165 320.6555 348.3783 19 76 366.0867 347.1478
-4.5131566346e-002 -6.4186701566e-002 7.1760878818e-001
55 51 38
3 0 166 -440.3137 290.7413 1 166 -439.5122 293.1265 19 77 -389.4702 296.7972
-2.9240133202e-002 -6.1381529279e-002 7.0755985670e-001
45 42 31
3 0 167 -278.6489 271.9061 1 167 -277.1829 273.3485 17 6 254.6812 275.1919
4.5010444127e-003 -6.1065597510e-002 7.0388436922e-001
47 44 32
3 0 168 80.1245 271.1818 1 168 81.4500 274.1613 2 38 -74.4490 272.8484
8.9730112205e-003 -5.9596002145e-002 7.0505434204e-001
60 56 39
4 0 169 128.1135 254.9725 1 169 128.9595 256.8051 2 39 -25.2043 256.8995 19 78 193.4993 257.6105
1.2825229219e-002 -5.3577234977e-002 7.0607527068e-001
66 58 36
3 0 170 168.6047 190.3748 1 170 170.0740 191.6305 2 40 16.5776 192.5477
1.6208602017e-002 -4.0951668469e-002 7.0670818707e-001
62 57 34
6 0 171 204.6108 56.3121 1 171 206.2974 57.8097 2 41 51.4502 56.6766 3 14 -193.7981 54.1803 4 6 -371.8694 51.8198 19 79 268.0288 59.9825
2.3717636861e-002 -3.3167335801e-002 7.0995884246e-001
67 60 40
3 0 174 284.1414 -27.7086 1 174 284.6746 -25.9852 19 80 341.7947 -23.4054
4.6628999077e-003 -3.1746525234e-002 7.0250534949e-001
68 62 40
3 0 177 82.4814 -39.1182 1 177 83.1873 -37.0288 3 15 -323.9905 -41.2452
-1.1446229539e-002 -1.7915990999e-002 6.9961471042e-001
73 66 46
4 0 180 -90.7180 -186.6602 1 180 -90.1245 -184.7965 2 42 -260.3462 -185.8112 19 81 -10.4646 -181.9174
1.3712492871e-002 -1.6035729458e-002 7.0232654459e-001
82 73 47
4 0 181 179.4067 -207.4032 1 181 180.8525 -205.4497 3 16 -255.3196 -212.5426 19 82 252.3086 -201.4467
2.7560094641e-002 -1.6207017721e-002 7.0869990838e-001
67 59 35
7 0 182 325.4478 -207.0309 1 182 325.8730 -205.0305 2 43 171.5940 -210.7065 3 17 -92.9219 -215.7843 19 83 384.6824 -201.1255 21 9 74.8579 -180.1123 22 3 -163.3970 -177.3502
1.2465100093e-002 -1.4534795356e-002 7.0154418292e-001
73 67 46
5 0 183 166.4067 -223.3817 1 183 167.2388 -221.5060 2 44 -6.8965 -225.5217 4 7 -454.9338 -228.0852 19 84 240.6812 -217.5038
2.6846898038e-002 -1.4725055067e-002 7.0806763373e-001
76 66 46
3 0 184 318.1799 -222.7367 1 184 319.2007 -221.5673 3 18 -104.6157 -231.5939
3.3410645627e-002 -1.4837591502e-002 7.1279693903e-001
71 63 40
3 0 185 386.0938 -222.5093 1 185 386.2751 -220.9795 3 19 -16.5901 -234.5499
1.2070394700e-002 -1.2744979091e-002 7.0094503811e-001
69 61 42
5 0 186 162.8496 -242.4053 1 186 163.2505 -240.8173 2 45 -12.2883 -244.9077 3 20 -280.5996 -247.1528 19 85 236.8064 -236.1779
-4.8691665905e-002 -1.0998609398e-002 7.1443482077e-001
79 70 41
7 0 187 -481.7498 -263.6366 1 187 -480.7346 -261.4392 17 7 132.1531 -258.7731 18 17 -145.5513 -261.5652 19 86 -421.9543 -261.8147 32 4 93.2468 -169.2991 33 4 -153.0032 -168.8030
-7.3092430325e-003 -1.0824922129e-002 6.9810092522e-001
71 67 52
4 0 188 -46.6013 -263.0627 1 188 -45.4070 -261.0199 2 46 -223.7715 -262.2722 19 87 36.3545 -257.4094
1.4531263277e-002 -1.0781488091e-002 7.0136858672e-001
68 62 44
5 0 189 188.5493 -263.7094 1 189 189.4824 -261.8278 2 47 13.3647 -266.4120 3 21 -256.9324 -269.3091 19 88 263.4092 -257.4041
1.4026263780e-002 -7.4124391378e-003 7.0028966081e-001
72 65 46
7 0 190 183.8101 -299.4406 1 190 183.5208 -298.2097 2 48 4.2012 -302.5538 3 22 -268.8018 -304.7748 19 89 259.4448 -293.1500 20 4 209.6575 -217.6541 21 10 -67.4045 -248.6583
2.0391768759e-002 -6.1050254652e-003 7.0248433249e-001
78 70 48
5 0 191 251.3843 -314.3113 1 191 252.2236 -311.8492 2 49 76.5005 -318.1462 4 8 -403.0764 -323.6196 19 90 323.7942 -306.8335
2.3033398790e-002 -6.0175206628e-003 7.0344975059e-001
78 69 42
5 0 192 279.2703 -315.3738 1 192 280.4524 -313.4012 2 50 107.8745 -319.1461 19 91 348.4771 -307.3853 21 11 16.5710 -267.8092
9.7341779124e-003 -1.4749686866e-003 6.9739974370e-001
84 75 54
5 0 195 137.6704 -363.6943 1 195 137.9851 -361.5715 2 52 -50.2222 -366.1689 3 23 -328.0583 -367.5137 20 5 171.9221 -275.1278
-3.5825569609e-002 1.4738273100e-003 7.0227303949e-001
69 66 57
3 0 197 -352.7302 -395.9348 1 197 -351.6006 -393.8916 19 93 -273.0269 -392.7148
-2.5529994255e-002 6.3744210334e-003 6.9601342417e-001
75 75 69
4 0 198 -245.2168 -449.6108 1 198 -243.8916 -446.9663 2 53 -421.3293 -444.7690 19 94 -154.4082 -444.9197
-5.5856701615e-003 7.6953889635e-003 6.9259190543e-001
73 70 66
3 0 199 -28.3406 -464.1365 1 199 -27.6489 -462.1809 19 95 64.4895 -457.3594
4.7873455141e-003 7.7508280576e-003 6.9314725146e-001
82 81 71
3 0 200 84.7615 -464.4502 1 200 85.2981 -462.6152 19 96 175.0596 -456.9536
-5.7222675972e-002 1.6659934727e-002 7.0843117962e-001
80 76 54
3 0 203 -577.2928 -557.6687 1 203 -576.8105 -555.9985 19 97 -506.7842 -558.4626
-3.2293413329e-002 2.7758665642e-002 6.8469328532e-001
115 109 87
3 0 209 -324.1733 -687.3425 1 209 -322.9983 -685.3103 17 9 519.0181 -646.0513
-1.1705406145e-002 3.0172140694e-002 6.7767922404e-001
156 149 128
3 0 213 -98.2109 -717.3826 1 213 -97.2080 -715.7776 19 100 21.2993 -710.2920
3.0563722617e-003 3.0082993939e-002 6.7781166320e-001
103 97 85
3 0 215 66.4812 -716.2561 1 215 67.3271 -714.4724 19 101 183.4875 -707.1216
-5.3782511662e-002 3.7510230706e-002 6.8439543760e-001
105 96 71
3 0 223 -561.7732 -795.7271 1 223 -560.4155 -793.4429 19 102 -451.3376 -796.7043
-2.8299850770e-002 3.6882686382e-002 6.7339143608e-001
146 136 109
3 0 224 -285.3936 -795.4927 1 224 -284.4109 -793.5181 19 103 -156.8582 -791.1646
-1.6382804433e-002 -1.4447965133e-001 7.5440818369e-001
24 23 22
3 0 229 -129.6792 1041.0466 1 229 -128.9753 1043.6038 19 104 -135.9697 1042.2493
1.3295115682e-003 -1.2521548925e-001 7.3619094073e-001
33 31 24
3 0 230 44.9836 886.0532 1 230 46.6055 888.5883 2 54 -5.6172 893.1322
-1.6799684962e-002 -7.8265952792e-002 7.0376965814e-001
86 84 76
3 0 233 -146.7268 453.2065 1 233 -146.3850 454.8168 2 56 -289.8701 454.2263
-2.5858718214e-002 -6.1159657589e-002 7.0517202118e-001
46 46 37
4 0 237 -243.9470 270.6578 1 237 -242.2083 273.6385 18 20 88.5879 278.9006 19 107 -173.5449 275.6720
-4.1827814471e-002 -5.5812937933e-002 7.1502401860e-001
62 57 42
3 0 238 -407.7766 206.3197 1 238 -406.6392 208.4131 19 108 -352.1572 210.9938
-3.0569586018e-002 -5.3377572266e-003 7.0158950583e-001
59 58 47
4 0 239 -296.4497 -322.4800 1 239 -295.6101 -320.4551 2 59 -451.7708 -318.3088 19 109 -216.2090 -318.4860
4.4398638108e-004 3.4268751456e-003 6.9440706793e-001
55 53 47
6 0 240 36.8218 -416.4976 1 240 37.4546 -414.9824 2 60 -157.9094 -417.7429 3 28 -429.0784 -416.4788 19 110 126.7280 -410.3262 20 7 90.0315 -325.0325
1.8541706614e-002 3.4260754770e-003 6.9833010673e-001
90 81 63
4 0 241 232.4663 -416.8396 1 241 234.0466 -415.1563 2 61 44.5212 -421.8752 19 111 312.2222 -408.6565
2.7972535631e-002 4.9252670406e-003 7.0209896743e-001
72 65 47
4 0 242 333.0996 -433.0122 1 242 333.9253 -430.7400 2 62 153.9907 -439.9580 19 112 404.6929 -423.7620
5.9786515043e-003 -2.4596166828e-002 7.0182815301e-001
64 60 37
3 0 243 96.5281 -115.8403 1 243 97.6018 -113.8206 2 63 -71.9451 -116.0018
2.7818868906e-002 -1.7631191157e-002 7.0931421430e-001
68 61 38
4 0 244 327.6875 -191.0272 1 244 329.3523 -190.2813 19 113 386.5994 -186.6078 22 6 -157.2070 -166.1720
-2.8504856722e-002 -1.3387566711e-002 7.0246090897e-001
73 69 51
3 0 246 -273.9421 -236.1885 1 246 -272.4658 -233.4971 2 64 -426.3286 -233.2469
-1.7097913723e-002 -7.6975861721e-003 6.9841762407e-001
78 73 63
3 0 247 -152.1250 -296.4679 1 247 -151.5042 -294.7703 2 65 -324.3328 -294.8258
-1.6809991663e-002 -5.1051739890e-003 6.9767745682e-001
104 101 84
3 0 248 -149.3591 -324.4536 1 248 -148.4744 -322.7021 2 66 -324.2886 -322.6770
9.7976406406e-003 -3.3702196277e-003 6.9793752209e-001
80 70 55
3 0 249 138.5342 -343.3499 1 249 139.0764 -341.7839 2 67 -47.3201 -345.6511
1.7964254384e-003 -5.8112065545e-004 6.9547516447e-001
83 81 62
4 0 250 51.1541 -373.3054 1 250 52.0813 -371.3923 2 68 -137.6367 -375.3059 33 6 321.0117 -230.8038
1.8490952726e-002 2.3704922381e-003 6.9864832971e-001
89 81 61
4 0 251 232.5950 -405.4565 1 251 233.1560 -403.5688 2 69 44.8745 -410.0796 19 114 310.6479 -397.6746
1.1509200308e-002 6.6180667711e-003 6.9509525420e-001
99 93 75
3 0 253 157.3750 -451.9431 1 253 158.3989 -449.4624 19 115 243.5515 -444.1729
-1.2205123819e-002 7.9175526947e-003 6.9309743636e-001
79 75 69
3 0 256 -100.4397 -466.2517 1 256 -99.6936 -464.4934 19 116 -7.5457 -460.5713
1.1655124474e-003 1.4450607047e-002 6.8931702434e-001
106 103 91
3 0 261 45.2651 -538.6384 1 261 46.0322 -536.6816 19 117 142.8425 -530.8347
-1.6726011419e-002 2.8456823963e-002 6.7810389570e-001
68 55 41
3 0 269 -153.9939 -697.8337 1 269 -153.1584 -696.3528 2 70 -395.5195 -694.4302
-1.3216620626e-002 3.3824375112e-002 6.7474815533e-001
169 156 138
3 0 273 -115.7839 -759.7751 1 273 -114.7041 -757.9800 19 121 9.0952 -753.6299
-1.9463559380e-003 -1.3305285323e-001 7.3153896514e-001
37 35 30
3 0 281 12.0259 971.6112 1 281 12.7300 973.9158 19 122 35.4353 970.9142
-7.9755850715e-004 -1.2752999591e-001 7.3333046346e-001
26 27 22
3 0 282 23.6482 914.3027 1 282 24.6975 915.7028 19 123 45.1084 914.1162
3.4551342810e-003 -8.3914952194e-002 7.0687712521e-001
105 102 88
3 0 283 69.1338 508.8423 1 283 69.3481 511.1299 19 124 130.5750 510.8297
-3.1702716430e-002 -7.5987624240e-002 7.0859041144e-001
60 53 40
4 0 285 -303.5359 423.9261 1 285 -302.9031 425.8802 17 11 223.4346 425.3146 19 126 -240.6931 429.0243
-1.1913342700e-003 -7.1183094938e-002 7.0314925568e-001
45 43 36
4 0 286 17.8223 378.8939 1 286 20.5068 381.0485 2 73 -133.0112 381.5336 19 127 89.4128 382.0819
1.7881378384e-002 -6.5326447419e-002 7.0842965549e-001
55 50 37
6 0 287 222.2932 312.4099 1 287 222.9587 314.2285 2 75 78.1243 315.4609 3 29 -156.6421 315.5798 4 12 -332.8447 309.7920 19 128 279.5869 313.3698
-3.3276394053e-002 -2.3917228128e-002 7.0665853242e-001
67 60 43
4 0 289 -322.5303 -124.5515 1 289 -321.5161 -122.7510 2 76 -458.2871 -121.6368 19 129 -251.9119 -121.3628
-3.9572909441e-002 3.0913714252e-002 6.8329846273e-001
84 82 68
5 0 292 -405.3511 -723.6458 1 292 -404.9106 -721.3970 2 77 -616.1176 -710.2681 19 130 -293.2124 -721.4932 20 9 -259.6470 -576.6726
-5.4694543733e-003 -1.4882166635e-001 7.3227167215e-001
62 60 56
3 0 294 -23.3362 1123.4431 1 294 -23.5342 1125.8591 19 131 -2.2913 1123.6442
-2.3392531464e-003 -1.4009552210e-001 7.3140933359e-001
57 53 48
3 0 297 8.0688 1040.9406 1 297 8.6240 1042.2556 19 132 30.9993 1040.4915
-2.9793950713e-003 -1.3486164847e-001 7.3065929959e-001
45 44 39
3 0 299 1.3042 990.5224 1 299 2.3767 993.0520 19 133 26.0259 990.8611
2.4039648868e-003 -1.2663394594e-001 7.3540151992e-001
43 41 34
3 0 300 56.2024 901.9157 1 300 57.1206 903.7838 19 134 74.4954 901.1717
8.6080884691e-003 -1.0869468684e-001 7.4515067846e-001
87 87 77
3 0 301 118.3782 710.5292 1 301 119.4363 712.3749 19 135 124.4258 709.5965
1.0999129088e-003 -7.8208316489e-002 7.0386640049e-001
58 57 49
3 0 308 43.9885 452.6444 1 308 44.6763 454.6469 19 136 110.9844 454.9260
-3.4867463842e-002 -7.6167391748e-002 7.0974819120e-001
58 53 41
4 0 311 -335.8823 424.3790 1 311 -336.1589 426.5420 17 12 197.6467 426.3424 19 138 -275.4470 429.5688
-1.6166747262e-002 -6.8390682253e-002 7.0357288451e-001
59 55 41
5 0 312 -140.7561 349.5931 1 312 -139.7209 351.7545 2 78 -285.7510 349.2585 18 24 178.5720 353.5417 19 139 -69.7676 354.2577
-2.6268908413e-003 -6.5490081174e-002 7.0171584845e-001
58 55 42
4 0 313 4.2595 320.5474 1 313 5.6150 322.7014 2 79 -153.8735 321.6256 19 140 75.4460 323.2676
-1.8904387661e-002 -5.8332555832e-002 7.0423066834e-001
77 74 57
3 0 315 -169.5967 242.3485 1 315 -168.6797 244.4117 18 26 155.5400 248.6976
3.8310107375e-002 -5.8650603338e-002 7.2548133758e-001
82 73 61
3 0 316 429.2397 227.8517 1 316 429.8870 229.6290 19 142 459.2395 228.8568
1.0754336960e-002 -5.1127516637e-002 7.0454512110e-001
83 73 53
4 0 321 147.0510 165.8793 1 321 147.8867 167.8824 3 32 -250.0486 164.5804 19 144 214.2134 168.9955
-1.2958692405e-003 -4.0181800680e-002 7.0243796675e-001
63 56 37
