<?xml version="1.0" encoding="UTF-8"?>
<document version="1.1.0">
  <chunk>
    <sensors>
      <sensor id="0" label="Canon EOS 600D (46 mm)" type="frame">
        <resolution width="5184" height="3456"/>
        <property name="pixel_width" value="4.4035976080246883e-003"/>
        <property name="pixel_height" value="4.4035976080246883e-003"/>
        <property name="focal_length" value="4.6000000000000000e+001"/>
        <property name="fixed" value="false"/>
        <calibration type="frame" class="adjusted">
          <resolution width="5184" height="3456"/>
          <fx>1.0413616791190094e+004</fx>
          <fy>1.0413616791190094e+004</fy>
          <cx>2.5695798044270659e+003</cx>
          <cy>2.0675862677087730e+003</cy>
          <k1>-3.8685242731969653e-004</k1>
          <k2>-1.9574836698670786e+000</k2>
          <k3>3.6617361140349693e+001</k3>
        </calibration>
      </sensor>
      <sensor id="1" label="Canon EOS 600D (46 mm)" type="frame">
        <resolution width="5184" height="3456"/>
        <property name="pixel_width" value="4.4035976080246883e-003"/>
        <property name="pixel_height" value="4.4035976080246883e-003"/>
        <property name="focal_length" value="4.6000000000000000e+001"/>
        <property name="fixed" value="false"/>
        <calibration type="frame" class="adjusted">
          <resolution width="5184" height="3456"/>
          <fx>1.0640211191915678e+004</fx>
          <fy>1.0640211191915678e+004</fy>
          <cx>2.5918680663234609e+003</cx>
          <cy>1.5266213278649661e+003</cy>
          <k1>1.6815149457108117e-002</k1>
          <k2>-6.0300689549574837e-001</k2>
          <k3>1.0846632019380948e+001</k3>
        </calibration>
      </sensor>
    </sensors>
    <cameras>
      <camera id="0" label="IMG_9608.JPG" sensor_id="0" enabled="true">
        <transform>1.0000000000000000e+000 0.0000000000000000e+000 0.0000000000000000e+000 0.0000000000000000e+000 0.0000000000000000e+000 1.0000000000000000e+000 0.0000000000000000e+000 0.0000000000000000e+000 0.0000000000000000e+000 0.0000000000000000e+000 1.0000000000000000e+000 0.0000000000000000e+000 0.0000000000000000e+000 0.0000000000000000e+000 0.0000000000000000e+000 1.0000000000000000e+000</transform>
        <orientation>1</orientation>
      </camera>
      <camera id="1" label="IMG_9609.JPG" sensor_id="0" enabled="true">
        <transform>9.6416982254436467e-001 1.6365458652999382e-001 -2.0879111475938125e-001 2.4895763425963540e+000 -1.6454480414298750e-001 9.8628101051688433e-001 1.3220276976655617e-002 -1.3777281307590442e-001 2.0809027061425586e-001 2.1608900978309014e-002 9.7787089877662037e-001 2.2860768197093689e-001 0.0000000000000000e+000 0.0000000000000000e+000 0.0000000000000000e+000 1.0000000000000000e+000</transform>
        <orientation>1</orientation>
      </camera>
      <camera id="2" label="IMG_9610.JPG" sensor_id="0" enabled="true">
        <transform>9.0252966372389731e-001 2.6498951756627931e-001 -3.3944183843247633e-001 4.0521013026218151e+000 -2.6711642973771799e-001 9.6277556791875207e-001 4.1376548706956090e-002 -4.6038074951833313e-001 3.3777066045262660e-001 5.3326929395145814e-002 9.3971656340552046e-001 6.6306988045377502e-001 0.0000000000000000e+000 0.0000000000000000e+000 0.0000000000000000e+000 1.0000000000000000e+000</transform>
        <orientation>1</orientation>
      </camera>
      <camera id="3" label="IMG_9611.JPG" sensor_id="0" enabled="true">
        <transform>8.2214959928486298e-001 3.4970160937936184e-001 -4.4919797505467818e-001 5.3703820658097108e+000 -3.5337484081653076e-001 9.3214768715671004e-001 7.8910780038520187e-002 -8.9760480050342728e-001 4.4631408029954711e-001 9.3858796742129560e-002 8.8994059801791769e-001 1.2381016649097434e+000 0.0000000000000000e+000 0.0000000000000000e+000 0.0000000000000000e+000 1.0000000000000000e+000</transform>
        <orientation>1</orientation>
      </camera>
      <camera id="4" label="IMG_9612.JPG" sensor_id="0" enabled="true">
        <transform>6.2452996363006519e-001 4.7691421680751100e-001 -6.1847809527509390e-001 7.4119357972067075e+000 -4.8390750052881659e-001 8.5787449794812531e-001 1.7287242898219896e-001 -1.9978591027039074e+000 6.1302190455169137e-001 1.9132217743150015e-001 7.6655069562468392e-001 2.6831066909764543e+000 0.0000000000000000e+000 0.0000000000000000e+000 0.0000000000000000e+000 1.0000000000000000e+000</transform>
        <orientation>1</orientation>
      </camera>
      <camera id="5" label="IMG_9613.JPG" sensor_id="0" enabled="true">
        <transform>4.5497040644995651e-001 5.4123558518810855e-001 -7.0715342789301872e-001 8.4911385602419926e+000 -5.5105240095782815e-001 7.9491618465556702e-001 2.5386908195219282e-001 -2.9511984186034357e+000 6.9953068599838719e-001 2.7417567488513994e-001 6.5991250832811443e-001 3.9396196740341458e+000 0.0000000000000000e+000 0.0000000000000000e+000 0.0000000000000000e+000 1.0000000000000000e+000</transform>
        <orientation>1</orientation>
      </camera>
      <camera id="6" label="IMG_9614.JPG" sensor_id="0" enabled="true">
        <transform>2.6847743409025976e-001 5.8307630947296185e-001 -7.6677368546116709e-001 9.2276080205116955e+000 -5.9582204319432419e-001 7.2598075611011481e-001 3.4343563385520570e-001 -4.0102422900223482e+000 7.5691212186623824e-001 3.6465594618650710e-001 5.4231916864773655e-001 5.3308291241248371e+000 0.0000000000000000e+000 0.0000000000000000e+000 0.0000000000000000e+000 1.0000000000000000e+000</transform>
        <orientation>1</orientation>
      </camera>
      <camera id="7" label="IMG_9615.JPG" sensor_id="0" enabled="true">
        <transform>5.7553158289735139e-002 6.0172928586906782e-001 -7.9662381366513180e-001 9.6127470099317662e+000 -6.1799895087359624e-001 6.4815752651396896e-001 4.4493720629143652e-001 -5.2130221060693405e+000 7.8406946802564081e-001 4.6670513962329108e-001 4.0917158009714377e-001 6.9120755122465445e+000 0.0000000000000000e+000 0.0000000000000000e+000 0.0000000000000000e+000 1.0000000000000000e+000</transform>
        <orientation>1</orientation>
      </camera>
      <camera id="8" label="IMG_9616.JPG" sensor_id="0" enabled="true">
        <transform>-1.3339527531018519e-001 5.9457443858494019e-001 -7.9289781025446338e-001 9.5989557912000869e+000 -6.1574623013858709e-001 5.7717480559279133e-001 5.3640080523713030e-001 -6.3049570501547674e+000 7.7657084711894642e-001 5.5977717064053856e-001 2.8911457700129084e-001 8.3508347794525157e+000 0.0000000000000000e+000 0.0000000000000000e+000 0.0000000000000000e+000 1.0000000000000000e+000</transform>
        <orientation>1</orientation>
      </camera>
      <camera id="9" label="IMG_9617.JPG" sensor_id="0" enabled="true">
        <transform>-3.5391266232929930e-001 5.5777483566352759e-001 -7.5075499341896657e-001 9.1252180742295224e+000 -5.8508345848915366e-001 4.9421022399337633e-001 6.4298802562939539e-001 -7.5741066420978580e+000 7.2967333379078503e-001 6.6681593202392975e-001 1.5143757378438094e-001 9.9995321140380273e+000 0.0000000000000000e+000 0.0000000000000000e+000 0.0000000000000000e+000 1.0000000000000000e+000</transform>
        <orientation>1</orientation>
      </camera>
      <camera id="10" label="IMG_9618.JPG" sensor_id="0" enabled="true">
        <transform>-5.5136067318577975e-001 4.9336881398978016e-001 -6.7274707093114972e-001 8.2216627076177620e+000 -5.2764393733654524e-001 4.1840011092450236e-001 7.3927885305231844e-001 -8.7256171809811107e+000 6.4621458003987475e-001 7.6258019942867739e-001 2.9633696752290439e-002 1.1464756484033474e+001 0.0000000000000000e+000 0.0000000000000000e+000 0.0000000000000000e+000 1.0000000000000000e+000</transform>
        <orientation>1</orientation>
      </camera>
      <camera id="11" label="IMG_9619.JPG" sensor_id="0" enabled="true">
        <transform>-7.5519791691069516e-001 3.8198666211754478e-001 -5.3269343553121007e-001 6.5811530635545532e+000 -4.2266380704890544e-001 3.3738765177061580e-001 8.4114498075161537e-001 -9.9516659803474692e+000 5.0103035088173287e-001 8.6038117273508852e-001 -9.3342514956054834e-002 1.2950590342675946e+001 0.0000000000000000e+000 0.0000000000000000e+000 0.0000000000000000e+000 1.0000000000000000e+000</transform>
        <orientation>1</orientation>
      </camera>
      <camera id="12" label="IMG_9620.JPG" sensor_id="0" enabled="true">
        <transform>-8.8904849120458462e-001 2.5911364080569010e-001 -3.7742933303503490e-001 4.7496323700703398e+000 -3.0341175134496856e-001 2.8388238898645302e-001 9.0958897221169210e-001 -1.0781495521951062e+001 3.4283245096202675e-001 9.2318519830625712e-001 -1.7376708605373392e-001 1.3929192243160349e+001 0.0000000000000000e+000 0.0000000000000000e+000 0.0000000000000000e+000 1.0000000000000000e+000</transform>
        <orientation>1</orientation>
      </camera>
      <camera id="13" label="IMG_9621.JPG" sensor_id="0" enabled="true">
        <transform>-9.6920981808550888e-001 1.2801112803961526e-001 -2.1034609486434511e-001 2.7709395537878740e+000 -1.7371260386660800e-001 2.4997481232231944e-001 9.5254213789328224e-001 -1.1313226713956789e+001 1.7451721916343318e-001 9.5975296003838773e-001 -2.2004089600121057e-001 1.4501510408915248e+001 0.0000000000000000e+000 0.0000000000000000e+000 0.0000000000000000e+000 1.0000000000000000e+000</transform>
        <orientation>1</orientation>
      </camera>
      <camera id="14" label="IMG_9622.JPG" sensor_id="0" enabled="true">
        <transform>-9.9745477698143603e-001 1.7466630201317373e-002 -6.9129477839227196e-002 1.0927431324438799e+000 -6.3041259846880318e-002 2.3694217561453446e-001 9.6947625291802220e-001 -1.1531298367697477e+001 3.3313172077001171e-002 9.7136672901868593e-001 -2.3523798656192130e-001 1.4699837986264374e+001 0.0000000000000000e+000 0.0000000000000000e+000 0.0000000000000000e+000 1.0000000000000000e+000</transform>
        <orientation>1</orientation>
      </camera>
      <camera id="15" label="IMG_9623.JPG" sensor_id="0" enabled="true">
        <transform>-9.8981405926135646e-001 -1.0850197652653126e-001 9.2170760973271343e-002 -8.2922752951680934e-001 6.4041178882214167e-002 2.3887746045029368e-001 9.6893564610669292e-001 -1.1545055108259357e+001 -1.2714895003865390e-001 9.6496884922709003e-001 -2.2949567430654005e-001 1.4651141919258215e+001 0.0000000000000000e+000 0.0000000000000000e+000 0.0000000000000000e+000 1.0000000000000000e+000</transform>
        <orientation>1</orientation>
      </camera>
      <camera id="16" label="IMG_9624.JPG" sensor_id="0" enabled="true">
        <transform>-9.3511050073521307e-001 -2.3946853788965247e-001 2.6119565611956708e-001 -2.8489219163919381e+000 1.9730466369293606e-001 2.6041115451469099e-001 9.4512269060124865e-001 -1.1279647239962076e+001 -2.9434541120893398e-001 9.3532927355307249e-001 -1.9626494576191034e-001 1.4274975091335282e+001 0.0000000000000000e+000 0.0000000000000000e+000 0.0000000000000000e+000 1.0000000000000000e+000</transform>
        <orientation>1</orientation>
      </camera>
      <camera id="17" label="IMG_9625.JPG" sensor_id="0" enabled="true">
        <transform>-8.2042698738806696e-001 -3.7243013919156936e-001 4.3381487962849868e-001 -4.9199227929571823e+000 3.3254003128667792e-001 3.0638921418781317e-001 8.9193204731146947e-001 -1.0666742116980290e+001 -4.6509857660198856e-001 8.7602593617490709e-001 -1.2752204982543869e-001 1.3477411875213885e+001 0.0000000000000000e+000 0.0000000000000000e+000 0.0000000000000000e+000 1.0000000000000000e+000</transform>
        <orientation>1</orientation>
      </camera>
      <camera id="18" label="IMG_9626.JPG" sensor_id="0" enabled="true">
        <transform>-6.3663868394214385e-001 -4.9285398290525240e-001 5.9311561911894051e-001 -6.8410349187748460e+000 4.5635376529633120e-001 3.7920937069493887e-001 8.0494813129605391e-001 -9.6481232374189272e+000 -6.2163689321683291e-001 7.8313166499100084e-001 -1.6503583857648940e-002 1.2174283235889130e+001 0.0000000000000000e+000 0.0000000000000000e+000 0.0000000000000000e+000 1.0000000000000000e+000</transform>
        <orientation>1</orientation>
      </camera>
      <camera id="19" label="IMG_9627.JPG" sensor_id="0" enabled="true">
        <transform>-4.3578343486511961e-001 -5.6900829775852901e-001 6.9736816315279204e-001 -8.1082626939742823e+000 5.3622556237254237e-001 4.5815539726516158e-001 7.0891168576561936e-001 -8.5143187687299005e+000 -7.2287961940796797e-001 6.8287860490627661e-001 1.0546026173800443e-001 1.0732853242504206e+001 0.0000000000000000e+000 0.0000000000000000e+000 0.0000000000000000e+000 1.0000000000000000e+000</transform>
        <orientation>1</orientation>
      </camera>
      <camera id="20" label="IMG_9628.JPG" sensor_id="0" enabled="true">
        <transform>-2.3121363919710777e-001 -6.1131927799081565e-001 7.5685467125863581e-001 -8.8436220325978052e+000 5.8182866259087485e-001 5.3660831243741280e-001 6.1116849265221940e-001 -7.3551219142373565e+000 -7.7975358956335927e-001 5.8167023250279892e-001 2.3161191718734267e-001 9.2375936136628152e+000 0.0000000000000000e+000 0.0000000000000000e+000 0.0000000000000000e+000 1.0000000000000000e+000</transform>
        <orientation>1</orientation>
      </camera>
      <camera id="21" label="IMG_9629.JPG" sensor_id="0" enabled="true">
        <transform>-3.8281634049584568e-002 -6.2576885590687603e-001 7.7906858200770313e-001 -9.1330058989825513e+000 5.9921491952395500e-001 6.0953846972668624e-001 5.1904174605049802e-001 -6.2575291972198608e+000 -7.9967243088304218e-001 4.8669928385014999e-001 3.5163590599561528e-001 7.8125197825730206e+000 0.0000000000000000e+000 0.0000000000000000e+000 0.0000000000000000e+000 1.0000000000000000e+000</transform>
        <orientation>1</orientation>
      </camera>
      <camera id="22" label="IMG_9630.JPG" sensor_id="0" enabled="true">
        <transform>1.3137966209681046e-001 -6.1965124542911121e-001 7.7380341070938630e-001 -9.0941623907978961e+000 5.9588578577467954e-001 6.7317571825328559e-001 4.3789791352079510e-001 -5.2893476174848955e+000 -7.9224965427510319e-001 4.0356757351442940e-001 4.5768296768467914e-001 6.5486641385770703e+000 0.0000000000000000e+000 0.0000000000000000e+000 0.0000000000000000e+000 1.0000000000000000e+000</transform>
        <orientation>1</orientation>
      </camera>
      <camera id="23" label="IMG_9631.JPG" sensor_id="0" enabled="true">
        <transform>3.9143135648926142e-001 -5.7393739271621058e-001 7.1928948442132457e-001 -8.4788308311763210e+000 5.5598297604003011e-001 7.7036270224512693e-001 3.1212855899974440e-001 -3.7832845339243528e+000 -7.3325604225989693e-001 2.7773580293455852e-001 6.2064353719155740e-001 4.6026307331732124e+000 0.0000000000000000e+000 0.0000000000000000e+000 0.0000000000000000e+000 1.0000000000000000e+000</transform>
        <orientation>1</orientation>
      </camera>
      <camera id="24" label="IMG_9632.JPG" sensor_id="0" enabled="true">
        <transform>6.2002102061443454e-001 -4.8855633006641191e-001 6.1391094333646989e-001 -7.2538941639903545e+000 4.7698342444588154e-001 8.5597908738244832e-001 1.9946582355830025e-001 -2.4277718983930900e+000 -6.2294521974256700e-001 1.6915234055711489e-001 7.6375829873326739e-001 2.8831282119911323e+000 0.0000000000000000e+000 0.0000000000000000e+000 0.0000000000000000e+000 1.0000000000000000e+000</transform>
        <orientation>1</orientation>
      </camera>
      <camera id="25" label="IMG_9633.JPG" sensor_id="0" enabled="true">
        <transform>7.8998711235431662e-001 -3.8114809362139429e-001 4.8025669494850876e-001 -5.6847237380173512e+000 3.7482232857030134e-001 9.2010194183632565e-001 1.1366898712559999e-001 -1.3920026284949116e+000 -4.8520983534881601e-001 9.0213897808484225e-002 8.6973149208418055e-001 1.6036870475378666e+000 0.0000000000000000e+000 0.0000000000000000e+000 0.0000000000000000e+000 1.0000000000000000e+000</transform>
        <orientation>1</orientation>
      </camera>
      <camera id="26" label="IMG_9634.JPG" sensor_id="0" enabled="true">
        <transform>9.2461740606042497e-001 -2.3599321359157727e-001 2.9898136321317975e-001 -3.5440230187625783e+000 2.3382156932278531e-001 9.7130297969413337e-001 4.3565988531512737e-002 -5.3962642175079178e-001 -3.0068276659882093e-001 2.9626420236305868e-002 9.5326394513506107e-001 5.8723044746065267e-001 0.0000000000000000e+000 0.0000000000000000e+000 0.0000000000000000e+000 1.0000000000000000e+000</transform>
        <orientation>1</orientation>
      </camera>
      <camera id="27" label="IMG_9635.JPG" sensor_id="0" enabled="true">
        <transform>9.9346862034701666e-001 -7.0318075774472924e-002 8.9863611129148299e-002 -1.0630057147392660e+000 7.0176619613786836e-002 9.9752333619249745e-001 4.7366455399966700e-003 -5.7744888659026224e-002 -8.9974120975851571e-002 1.6006157456381616e-003 9.9594281742671231e-001 4.6781740012601984e-002 0.0000000000000000e+000 0.0000000000000000e+000 0.0000000000000000e+000 1.0000000000000000e+000</transform>
        <orientation>1</orientation>
      </camera>
      <camera id="28" label="IMG_9636.JPG" sensor_id="0" enabled="true">
        <transform>9.9619515915154455e-001 5.4045247385957881e-002 -6.8368970432641438e-002 8.2111752305570429e-001 -5.4188986077383663e-002 9.9853066662374979e-001 -2.4819314034833046e-004 1.6238610277385837e-002 6.8255099962815272e-002 3.9520939918490875e-003 9.9766007351309083e-001 3.5234091002549861e-003 0.0000000000000000e+000 0.0000000000000000e+000 0.0000000000000000e+000 1.0000000000000000e+000</transform>
        <orientation>1</orientation>
      </camera>
      <camera id="29" label="IMG_9637.JPG" sensor_id="0" enabled="true">
        <transform>9.6359693432043236e-001 1.6512160672413118e-001 -2.1027554104342616e-001 2.5149243681443809e+000 -1.6608132622192279e-001 9.8602353640830376e-001 1.3212824422878182e-002 -1.3068750527177336e-001 2.0951835539787794e-001 2.2191003620925041e-002 9.7755287228347121e-001 2.2501782591330027e-001 0.0000000000000000e+000 0.0000000000000000e+000 0.0000000000000000e+000 1.0000000000000000e+000</transform>
        <orientation>1</orientation>
      </camera>
      <camera id="30" label="IMG_9638.JPG" sensor_id="0" enabled="true">
        <transform>8.8783941484939133e-001 2.8284595255298084e-001 -3.6295914448362820e-001 4.3428169346878009e+000 -2.8562417136642926e-001 9.5717682507844370e-001 4.7237255042931976e-002 -5.2282912972649442e-001 3.6077694794863358e-001 6.1730808006596201e-002 9.3060695310733721e-001 7.6307345429875073e-001 0.0000000000000000e+000 0.0000000000000000e+000 0.0000000000000000e+000 1.0000000000000000e+000</transform>
        <orientation>1</orientation>
      </camera>
      <camera id="31" label="IMG_9639.JPG" sensor_id="0" enabled="true">
        <transform>7.8239665396735270e-001 3.8170200551336303e-001 -4.9209659097352731e-001 5.8958379100127463e+000 -3.8685485483000365e-001 9.1709937582641510e-001 9.6291516517586134e-002 -1.0960226064013416e+000 4.8805614139681430e-001 1.1503179493460217e-001 8.6519875693332815e-001 1.5216153431331567e+000 0.0000000000000000e+000 0.0000000000000000e+000 0.0000000000000000e+000 1.0000000000000000e+000</transform>
        <orientation>1</orientation>
      </camera>
      <camera id="32" label="IMG_9640.JPG" sensor_id="1" enabled="true">
        <transform>-6.6950581453300084e-001 4.6660347440234984e-001 -5.7796467191529866e-001 6.6342679905957382e+000 4.3833404243877383e-001 -3.7999256334964171e-001 -8.1453601457409608e-001 8.1683639736011706e+000 -5.9968761163274520e-001 -7.9867818893132703e-001 4.9879043491126041e-002 1.1029831507311892e+001 0.0000000000000000e+000 0.0000000000000000e+000 0.0000000000000000e+000 1.0000000000000000e+000</transform>
        <orientation>1</orientation>
      </camera>
      <camera id="33" label="IMG_9641.JPG" sensor_id="1" enabled="true">
        <transform>-8.1182103805746286e-001 3.7241387923643093e-001 -4.4972714474376180e-001 5.2731187673569835e+000 3.3376313082900316e-001 -3.3601197466329891e-001 -8.8073726240127503e-001 8.9211947309378861e+000 -4.7911248644397192e-001 -8.6510337846695751e-001 1.4848356777277227e-001 9.9139329682254811e+000 0.0000000000000000e+000 0.0000000000000000e+000 0.0000000000000000e+000 1.0000000000000000e+000</transform>
        <orientation>1</orientation>
      </camera>
      <camera id="34" label="IMG_9642.JPG" sensor_id="1" enabled="true">
        <transform>-8.9964745860779749e-001 2.8614855846870341e-001 -3.2977788389583429e-001 3.9870875145624787e+000 2.3863337636429025e-001 -3.1025922229929193e-001 -9.2021373966226883e-001 9.3822697811739335e+000 -3.6563446487648055e-001 -9.0656396214747137e-001 2.1083932420202889e-001 9.1970172263851033e+000 0.0000000000000000e+000 0.0000000000000000e+000 0.0000000000000000e+000 1.0000000000000000e+000</transform>
        <orientation>1</orientation>
      </camera>
      <camera id="35" label="IMG_9643.JPG" sensor_id="1" enabled="true">
        <transform>-9.6670224446750119e-001 1.8096631957228837e-001 -1.8093634715544557e-001 2.3771907830830674e+000 1.2259450943367174e-001 -2.9313501598381464e-001 -9.4817848987460518e-001 9.7211240859269914e+000 -2.2462715062568214e-001 -9.3878807703582912e-001 2.6118880071158934e-001 8.6034120154099352e+000 0.0000000000000000e+000 0.0000000000000000e+000 0.0000000000000000e+000 1.0000000000000000e+000</transform>
        <orientation>1</orientation>
      </camera>
      <camera id="36" label="IMG_9644.JPG" sensor_id="1" enabled="true">
        <transform>-9.9656244088996648e-001 7.6671269029895142e-002 -3.1381808628206456e-002 7.4818233767281517e-001 7.9846699443959224e-003 -2.8814611110242094e-001 -9.5755316494826037e-001 9.8576501083675545e+000 -8.2459362435753719e-002 -9.5451209272690563e-001 2.8654339703575848e-001 8.2824885502860024e+000 0.0000000000000000e+000 0.0000000000000000e+000 0.0000000000000000e+000 1.0000000000000000e+000</transform>
        <orientation>1</orientation>
      </camera>
      <camera id="37" label="IMG_9645.JPG" sensor_id="1" enabled="true">
        <transform>-9.9137436015429392e-001 -3.4916793892464860e-002 1.2632377263577665e-001 -9.7902688664104565e-001 -1.1039013740768686e-001 -2.9709013742463242e-001 -9.4844687136819894e-001 9.7960537217458299e+000 7.0646270897877450e-002 -9.5421080886211096e-001 2.9067307522187102e-001 8.1898941213402843e+000 0.0000000000000000e+000 0.0000000000000000e+000 0.0000000000000000e+000 1.0000000000000000e+000</transform>
        <orientation>1</orientation>
      </camera>
      <camera id="38" label="IMG_9646.JPG" sensor_id="1" enabled="true">
        <transform>-9.2471422944649351e-001 -1.8205365913925831e-001 3.3430533805667018e-001 -3.2742661553335384e+000 -2.6289169520932149e-001 -3.2972238076585592e-001 -9.0673651531857102e-001 9.3854419121065202e+000 2.7530265245570551e-001 -9.2635825511305436e-001 2.5703858219098208e-001 8.4972868098090917e+000 0.0000000000000000e+000 0.0000000000000000e+000 0.0000000000000000e+000 1.0000000000000000e+000</transform>
        <orientation>1</orientation>
      </camera>
      <camera id="39" label="IMG_9647.JPG" sensor_id="1" enabled="true">
        <transform>-7.9996153607146159e-001 -3.0695677604061922e-001 5.1559584797488123e-001 -5.2966212790385718e+000 -3.9281184542012193e-001 -3.8166290556533555e-001 -8.3667931766780523e-001 8.6576441795604957e+000 4.5360819536669084e-001 -8.7184342869472553e-001 1.8473938653681654e-001 9.2345979138058976e+000 0.0000000000000000e+000 0.0000000000000000e+000 0.0000000000000000e+000 1.0000000000000000e+000</transform>
        <orientation>1</orientation>
      </camera>
      <camera id="40" label="IMG_9648.JPG" sensor_id="1" enabled="true">
        <transform>-6.7995864567788677e-001 -3.8228910695519069e-001 6.2570862138162753e-001 -6.5376567187174377e+000 -4.6962827783346439e-001 -4.2829274445649168e-001 -7.7201982209338438e-001 7.9748714259076214e+000 5.6312123102141032e-001 -8.1879201495210563e-001 1.1168757954044239e-001 1.0000806955923204e+001 0.0000000000000000e+000 0.0000000000000000e+000 0.0000000000000000e+000 1.0000000000000000e+000</transform>
        <orientation>1</orientation>
      </camera>
      <camera id="41" label="IMG_9649.JPG" sensor_id="1" enabled="true">
        <transform>-5.3010766312722191e-001 -4.4656006219341116e-001 7.2081202566800484e-001 -7.6219963721342925e+000 -5.3348845238799159e-001 -4.8509581773666954e-001 -6.9287236832122090e-001 7.1258170268473231e+000 6.5907202691546640e-001 -7.5184184405246335e-001 1.8918373855326243e-002 1.0987493323636446e+001 0.0000000000000000e+000 0.0000000000000000e+000 0.0000000000000000e+000 1.0000000000000000e+000</transform>
        <orientation>1</orientation>
      </camera>
      <camera id="42" label="IMG_9650.JPG" sensor_id="1" enabled="true">
        <transform>-3.6149994597822033e-001 -4.9313232412801278e-001 7.9128901164988275e-001 -8.4436581275605160e+000 -5.7804042096038444e-001 -5.4736425015138535e-001 -6.0519554640806250e-001 6.1805540206673060e+000 7.3156480286689929e-001 -6.7617519072819898e-001 -8.7178269367994221e-002 1.2125417992777100e+001 0.0000000000000000e+000 0.0000000000000000e+000 0.0000000000000000e+000 1.0000000000000000e+000</transform>
        <orientation>1</orientation>
      </camera>
      <camera id="43" label="IMG_9651.JPG" sensor_id="1" enabled="true">
        <transform>-8.7375734679770889e-002 -5.2654840332257880e-001 8.4564310435763224e-001 -9.1259041898091358e+000 -6.0511083548880606e-001 -6.4627882038698037e-001 -4.6493500953708827e-001 4.6562226338244219e+000 7.9133201487315641e-001 -5.5233184343984387e-001 -2.6215105752053414e-001 1.4025428203773897e+001 0.0000000000000000e+000 0.0000000000000000e+000 0.0000000000000000e+000 1.0000000000000000e+000</transform>
        <orientation>1</orientation>
      </camera>
      <camera id="44" label="IMG_9652.JPG" sensor_id="1" enabled="true">
        <transform>1.4920897060673122e-001 -5.1872888094612490e-001 8.4181769473138301e-001 -9.1553705556510607e+000 -5.9003344638360511e-001 -7.2987591064294721e-001 -3.4516907047389667e-001 3.3396687553243245e+000 7.9347162220155332e-001 -4.4519827395836720e-001 -4.1497142266103804e-001 1.5698119996965808e+001 0.0000000000000000e+000 0.0000000000000000e+000 0.0000000000000000e+000 1.0000000000000000e+000</transform>
        <orientation>1</orientation>
      </camera>
      <camera id="45" label="IMG_9653.JPG" sensor_id="1" enabled="true">
        <transform>4.1418965803789010e-001 -4.6962736225207269e-001 7.7967754090945574e-001 -8.5527427360068327e+000 -5.2994634005095631e-001 -8.2086826131230484e-001 -2.1291353699732130e-001 1.8720415202454774e+000 7.4000257015840953e-001 -3.2500067414433775e-001 -5.8887244626037150e-001 1.7618198673066892e+001 0.0000000000000000e+000 0.0000000000000000e+000 0.0000000000000000e+000 1.0000000000000000e+000</transform>
        <orientation>1</orientation>
      </camera>
      <camera id="46" label="IMG_9654.JPG" sensor_id="1" enabled="true">
        <transform>6.1967133669148655e-001 -3.9431839631697602e-001 6.7861656095986511e-001 -7.5084983258268378e+000 -4.4268897459179374e-001 -8.8956982989742617e-001 -1.1265873029255383e-001 7.4827419206328427e-001 6.4810022855871008e-001 -2.3060468352197969e-001 -7.2580133210119913e-001 1.9144375494546942e+001 0.0000000000000000e+000 0.0000000000000000e+000 0.0000000000000000e+000 1.0000000000000000e+000</transform>
        <orientation>1</orientation>
      </camera>
      <camera id="47" label="IMG_9655.JPG" sensor_id="1" enabled="true">
        <transform>8.1328185058957714e-001 -2.7433696819135700e-001 5.1313922027571268e-001 -5.7574396217357124e+000 -3.0757199179288630e-001 -9.5129065551041925e-001 -2.1108259120860527e-002 -2.9398499800135236e-001 4.9393532103520255e-001 -1.4066028800671179e-001 -8.5804579249112356e-001 2.0640741198506156e+001 0.0000000000000000e+000 0.0000000000000000e+000 0.0000000000000000e+000 1.0000000000000000e+000</transform>
        <orientation>1</orientation>
      </camera>
      <camera id="48" label="IMG_9656.JPG" sensor_id="1" enabled="true">
        <transform>9.2474375086406191e-001 -1.5581859761456390e-001 3.4723127721346764e-001 -3.9754070242841149e+000 -1.7661956484848967e-001 -9.8385568524143485e-001 2.8870745242144988e-002 -8.8073746199683223e-001 3.3712686714439649e-001 -8.8025878328689883e-002 -9.3733500958508276e-001 2.1556865819320784e+001 0.0000000000000000e+000 0.0000000000000000e+000 0.0000000000000000e+000 1.0000000000000000e+000</transform>
        <orientation>1</orientation>
      </camera>
      <camera id="49" label="IMG_9657.JPG" sensor_id="1" enabled="true">
        <transform>9.9283792475850330e-001 5.1848922731741968e-003 1.1935649145875533e-001 -1.5006624021801755e+000 -1.3779072312563928e-003 -9.9849438162103121e-001 5.4836769077840970e-002 -1.2183847526506120e+000 1.1946110887184334e-001 -5.4608486184383305e-002 -9.9133594543109327e-001 2.2212750028868392e+001 0.0000000000000000e+000 0.0000000000000000e+000 0.0000000000000000e+000 1.0000000000000000e+000</transform>
        <orientation>1</orientation>
      </camera>
      <camera id="50" label="IMG_9658.JPG" sensor_id="1" enabled="true">
        <transform>9.8307744786876827e-001 1.5628492429699586e-001 -9.5570675048950074e-002 8.5454537946527087e-001 1.6063204906095330e-001 -9.8622059457011246e-001 3.9576301750585519e-002 -1.0988663900606821e+000 -8.8068588647197230e-002 -5.4258283084301237e-002 -9.9463559277276747e-001 2.2309352275195447e+001 0.0000000000000000e+000 0.0000000000000000e+000 0.0000000000000000e+000 1.0000000000000000e+000</transform>
        <orientation>1</orientation>
      </camera>
      <camera id="51" label="IMG_9659.JPG" sensor_id="1" enabled="true">
        <transform>8.9436446374965262e-001 3.1279739385378308e-001 -3.1979680483093792e-001 3.3347124744610932e+000 3.2525294604859795e-001 -9.4550508565915425e-001 -1.5187299937220906e-002 -5.4912647029760608e-001 -3.0712005318523822e-001 -9.0431871544033371e-002 -9.4736442277538579e-001 2.1857375766495338e+001 0.0000000000000000e+000 0.0000000000000000e+000 0.0000000000000000e+000 1.0000000000000000e+000</transform>
        <orientation>1</orientation>
      </camera>
      <camera id="52" label="IMG_9660.JPG" sensor_id="1" enabled="true">
        <transform>7.1504043919521210e-001 4.5798397454348222e-001 -5.2817407109481729e-001 5.6673289288608890e+000 4.7403780399924472e-001 -8.7293842869797655e-001 -1.1518098836996191e-001 5.0096462061420222e-001 -5.1381449054604489e-001 -1.6801541228013192e-001 -8.4128799500601792e-001 2.0756886282023977e+001 0.0000000000000000e+000 0.0000000000000000e+000 0.0000000000000000e+000 1.0000000000000000e+000</transform>
        <orientation>1</orientation>
      </camera>
      <camera id="53" label="IMG_9661.JPG" sensor_id="1" enabled="true">
        <transform>4.9603326686961124e-001 5.5372294031333680e-001 -6.6883623072424392e-001 7.2729718550705211e+000 5.6905012715493242e-001 -7.8911122621113960e-001 -2.3126916234661943e-001 1.7425590522881678e+000 -6.5584521873961732e-001 -2.6588414401446464e-001 -7.0652152905490351e-001 1.9326251788431140e+001 0.0000000000000000e+000 0.0000000000000000e+000 0.0000000000000000e+000 1.0000000000000000e+000</transform>
        <orientation>1</orientation>
      </camera>
      <camera id="54" label="IMG_9662.JPG" sensor_id="1" enabled="true">
        <transform>2.9859993282131148e-001 6.0087884902342303e-001 -7.4147332313131475e-001 8.1272792812664481e+000 6.1333188358643842e-001 -7.1606046985424765e-001 -3.3328876982044503e-001 2.8449569574444808e+000 -7.3120590854794132e-001 -3.5524922562674294e-001 -5.8235376447326193e-001 1.7989738738860950e+001 0.0000000000000000e+000 0.0000000000000000e+000 0.0000000000000000e+000 1.0000000000000000e+000</transform>
        <orientation>1</orientation>
      </camera>
      <camera id="55" label="IMG_9663.JPG" sensor_id="1" enabled="true">
        <transform>7.9260028342527988e-002 6.2225010859297258e-001 -7.7879564088608999e-001 8.6031457580071322e+000 6.2968118941654083e-001 -6.3690983801258239e-001 -4.4480046980388471e-001 4.0604108941012615e+000 -7.7279974611933733e-001 -4.5513806762214465e-001 -4.4230068030590675e-001 1.6470259940978426e+001 0.0000000000000000e+000 0.0000000000000000e+000 0.0000000000000000e+000 1.0000000000000000e+000</transform>
        <orientation>1</orientation>
      </camera>
      <camera id="56" label="IMG_9664.JPG" sensor_id="1" enabled="true">
        <transform>-2.5351661929661051e-001 6.0051974849912026e-001 -7.5835701051877347e-001 8.4827487964162724e+000 5.9631413270986888e-001 -5.2027084439524307e-001 -6.1133272741015421e-001 5.8943615067398136e+000 -7.6166841792928153e-001 -6.0720200933034996e-001 -2.2620110741172605e-001 1.4102889510567270e+001 0.0000000000000000e+000 0.0000000000000000e+000 0.0000000000000000e+000 1.0000000000000000e+000</transform>
        <orientation>1</orientation>
      </camera>
      <camera id="57" label="IMG_9665.JPG" sensor_id="1" enabled="true">
        <transform>-5.0357349886985114e-001 5.3719749856427823e-001 -6.7663326756246467e-001 7.6638897292961108e+000 5.2127443112471505e-001 -4.3564195977671893e-001 -7.3381813164945975e-001 7.2562705685436937e+000 -6.8897510745423918e-001 -7.2224298571753642e-001 -6.0649574526433381e-002 1.2268312511586574e+001 0.0000000000000000e+000 0.0000000000000000e+000 0.0000000000000000e+000 1.0000000000000000e+000</transform>
        <orientation>1</orientation>
      </camera>
      <camera id="58" label="IMG_9666.JPG" sensor_id="1" enabled="true">
        <transform>-6.6648687613986834e-001 4.6651209105996372e-001 -5.8151673477912902e-001 6.6739637490759680e+000 4.4089512631161587e-001 -3.8234604998131327e-001 -8.1204863503262625e-001 8.1390515798964351e+000 -6.0117113331229066e-001 -7.9760765226930175e-001 4.9145717142684564e-002 1.1039700805026067e+001 0.0000000000000000e+000 0.0000000000000000e+000 0.0000000000000000e+000 1.0000000000000000e+000</transform>
        <orientation>1</orientation>
      </camera>
      <camera id="59" label="IMG_9667.JPG" sensor_id="1" enabled="true">
        <transform>-7.9642086647373911e-001 3.8350569217873343e-001 -4.6758655617086464e-001 5.4652801882430975e+000 3.4831195154679750e-001 -3.4117078220928820e-001 -8.7308721315591586e-001 8.8347818392129405e+000 -4.9436078713312204e-001 -8.5821086070569674e-001 1.3813591391056423e-001 1.0033762455055191e+001 0.0000000000000000e+000 0.0000000000000000e+000 0.0000000000000000e+000 1.0000000000000000e+000</transform>
        <orientation>1</orientation>
      </camera>
      <camera id="60" label="IMG_9668.JPG" sensor_id="1" enabled="true">
        <transform>-9.2971950272186699e-001 2.4511367710189505e-001 -2.7484710578100036e-001 3.3952617499654600e+000 1.9597825598093324e-001 -3.0256381425355050e-001 -9.3276345419780182e-001 9.5352468915932125e+000 -3.1179186878633680e-001 -9.2107243124627880e-001 2.3326252797393932e-001 8.9365250253478088e+000 0.0000000000000000e+000 0.0000000000000000e+000 0.0000000000000000e+000 1.0000000000000000e+000</transform>
        <orientation>1</orientation>
      </camera>
    </cameras>
    <transform>
      <scale>5.0007702298612136e-002</scale>
    </transform>
    <region>
      <center>1.4460141093234033e-001 -7.1024151855516648e-001 1.1282309961263358e+001</center>
      <size>4.8410507688977606e+000 4.7806948005325847e+000 1.8745453191696093e+000</size>
      <R>-7.7144623543187330e-001 3.9340790723410179e-001 -5.0010091418000324e-001 6.3628933138231381e-001 4.8013711334965231e-001 -6.0382467584002486e-001 2.5676072593748822e-003 -7.8402714934493667e-001 -6.2072122283921805e-001</R>
    </region>
    <settings>
      <property name="accuracy_tiepoints" value="4.0000000000000000e+000"/>
      <property name="accuracy_cameras" value="1.0000000000000000e+001"/>
      <property name="accuracy_markers" value="5.0000000000000001e-003"/>
      <property name="accuracy_scalebars" value="1.0000000000000000e-003"/>
      <property name="accuracy_projections" value="1.0000000000000001e-001"/>
    </settings>
  </chunk>
</document>
