# Bundle file v0.3
61 6793
1.0413616791e+004 -3.8685242732e-004 -1.9574836699e+000
1.0000000000e+000 0.0000000000e+000 0.0000000000e+000
0.0000000000e+000 -1.0000000000e+000 0.0000000000e+000
0.0000000000e+000 0.0000000000e+000 -1.0000000000e+000
-0.0000000000e+000 0.0000000000e+000 0.0000000000e+000
1.0413616791e+004 -3.8685242732e-004 -1.9574836699e+000
9.6416982254e-001 -1.6454480414e-001 2.0809027061e-001
-1.6365458653e-001 -9.8628101052e-001 -2.1608900978e-002
2.0879111476e-001 -1.3220276977e-002 -9.7787089878e-001
-1.2354979019e-001 1.3826521514e-002 -1.4905996613e-002
1.0413616791e+004 -3.8685242732e-004 -1.9574836699e+000
9.0252966372e-001 -2.6711642974e-001 3.3777066045e-001
-2.6498951757e-001 -9.6277556792e-001 -5.3326929395e-002
3.3944183843e-001 -4.1376548707e-002 -9.3971656341e-001
-2.0023496262e-001 3.3299154432e-002 -3.8576138225e-002
1.0413616791e+004 -3.8685242732e-004 -1.9574836699e+000
8.2214959928e-001 -3.5337484082e-001 4.4631408030e-001
-3.4970160938e-001 -9.3214768716e-001 -9.3858796742e-002
4.4919797505e-001 -7.8910780039e-002 -8.8994059802e-001
-2.6429223802e-001 5.7885802958e-002 -6.9078565042e-002
1.0413616791e+004 -3.8685242732e-004 -1.9574836699e+000
6.2452996363e-001 -4.8390750053e-001 6.1302190455e-001
-4.7691421681e-001 -8.5787449795e-001 -1.9132217743e-001
6.1847809528e-001 -1.7287242898e-001 -7.6655069562e-001
-3.6208367756e-001 1.1673212912e-001 -1.4365999632e-001
1.0413616791e+004 -3.8685242732e-004 -1.9574836699e+000
4.5497040645e-001 -5.5105240096e-001 6.9953068600e-001
-5.4123558519e-001 -7.9491618466e-001 -2.7417567489e-001
7.0715342789e-001 -2.5386908195e-001 -6.5991250833e-001
-4.1233183775e-001 1.6652059005e-001 -2.0772956857e-001
1.0413616791e+004 -3.8685242732e-004 -1.9574836699e+000
2.6847743409e-001 -5.9582204319e-001 7.5691212187e-001
-5.8307630947e-001 -7.2598075611e-001 -3.6465594619e-001
7.6677368546e-001 -3.4343563386e-001 -5.4231916865e-001
-4.4515678718e-001 2.2068196184e-001 -2.7812965285e-001
1.0413616791e+004 -3.8685242732e-004 -1.9574836699e+000
5.7553158290e-002 -6.1799895087e-001 7.8406946803e-001
-6.0172928587e-001 -6.4815752651e-001 -4.6670513962e-001
7.9662381367e-001 -4.4493720629e-001 -4.0917158010e-001
-4.5979249390e-001 2.8160902639e-001 -3.5750435442e-001
1.0413616791e+004 -3.8685242732e-004 -1.9574836699e+000
-1.3339527531e-001 -6.1574623014e-001 7.7657084712e-001
-5.9457443858e-001 -5.7717480559e-001 -5.5977717064e-001
7.9289781025e-001 -5.3640080524e-001 -2.8911457700e-001
-4.5441064051e-001 3.3719383816e-001 -4.2899742522e-001
1.0413616791e+004 -3.8685242732e-004 -1.9574836699e+000
-3.5391266233e-001 -5.8508345849e-001 7.2967333379e-001
-5.5777483566e-001 -4.9421022399e-001 -6.6681593202e-001
7.5075499342e-001 -6.4298802563e-001 -1.5143757378e-001
-4.2498276781e-001 4.0078489969e-001 -5.1040651539e-001
1.0413616791e+004 -3.8685242732e-004 -1.9574836699e+000
-5.5136067319e-001 -5.2764393734e-001 6.4621458004e-001
-4.9336881399e-001 -4.1840011092e-001 -7.6258019943e-001
6.7274707093e-001 -7.3927885305e-001 -2.9633696752e-002
-3.7403812602e-001 4.5748591644e-001 -5.8219070279e-001
1.0413616791e+004 -3.8685242732e-004 -1.9574836699e+000
-7.5519791691e-001 -4.2266380705e-001 5.0103035088e-001
-3.8198666212e-001 -3.3738765177e-001 -8.6038117274e-001
5.3269343553e-001 -8.4114498075e-001 9.3342514956e-002
-2.8628283236e-001 5.1501870344e-001 -6.5436936731e-001
1.0413616791e+004 -3.8685242732e-004 -1.9574836699e+000
-8.8904849120e-001 -3.0341175134e-001 3.4283245096e-001
-2.5911364081e-001 -2.8388238899e-001 -9.2318519831e-001
3.7742933304e-001 -9.0958897221e-001 1.7376708605e-001
-1.9122735640e-001 5.5154704719e-001 -7.0109874258e-001
1.0413616791e+004 -3.8685242732e-004 -1.9574836699e+000
-9.6920981809e-001 -1.7371260387e-001 1.7451721916e-001
-1.2801112804e-001 -2.4997481232e-001 -9.5975296004e-001
2.1034609486e-001 -9.5254213789e-001 2.2004089600e-001
-9.0533520176e-002 5.7231599507e-001 -7.2761741020e-001
1.0413616791e+004 -3.8685242732e-004 -1.9574836699e+000
-9.9745477698e-001 -6.3041259847e-002 3.3313172077e-002
-1.7466630201e-002 -2.3694217561e-001 -9.7136672902e-001
6.9129477839e-002 -9.6947625292e-001 2.3523798656e-001
-6.3351733397e-003 5.7837754096e-001 -7.3575437182e-001
1.0413616791e+004 -3.8685242732e-004 -1.9574836699e+000
-9.8981405926e-001 6.4041178882e-002 -1.2714895004e-001
1.0850197653e-001 -2.3887746045e-001 -9.6496884923e-001
-9.2170760973e-002 -9.6893564611e-001 2.2949567431e-001
8.9086480512e-002 5.7358909241e-001 -7.3137363067e-001
1.0413616791e+004 -3.8685242732e-004 -1.9574836699e+000
-9.3511050074e-001 1.9730466369e-001 -2.9434541121e-001
2.3946853789e-001 -2.6041115451e-001 -9.3532927355e-001
-2.6119565612e-001 -9.4512269060e-001 1.9626494576e-001
1.8819116656e-001 5.5491963436e-001 -7.1043211183e-001
1.0413616791e+004 -3.8685242732e-004 -1.9574836699e+000
-8.2042698739e-001 3.3254003129e-001 -4.6509857660e-001
3.7243013919e-001 -3.0638921419e-001 -8.7602593617e-001
-4.3381487963e-001 -8.9193204731e-001 1.2752204983e-001
2.8899483171e-001 5.1861563588e-001 -6.6845355859e-001
1.0413616791e+004 -3.8685242732e-004 -1.9574836699e+000
-6.3663868394e-001 4.5635376530e-001 -6.2163689322e-001
4.9285398291e-001 -3.7920937069e-001 -7.8313166499e-001
-5.9311561912e-001 -8.0494813130e-001 1.6503583858e-002
3.8084233358e-001 4.6242318677e-001 -6.0132675450e-001
1.0413616791e+004 -3.8685242732e-004 -1.9574836699e+000
-4.3578343487e-001 5.3622556237e-001 -7.2287961941e-001
5.6900829776e-001 -4.5815539727e-001 -6.8287860491e-001
-6.9736816315e-001 -7.0891168577e-001 -1.0546026174e-001
4.3960319215e-001 4.0216311728e-001 -5.2800406540e-001
1.0413616791e+004 -3.8685242732e-004 -1.9574836699e+000
-2.3121363920e-001 5.8182866259e-001 -7.7975358956e-001
6.1131927799e-001 -5.3660831244e-001 -5.8167023250e-001
-7.5685467126e-001 -6.1116849265e-001 -2.3161191719e-001
4.7195776659e-001 3.4168714255e-001 -4.5252063088e-001
1.0413616791e+004 -3.8685242732e-004 -1.9574836699e+000
-3.8281634050e-002 5.9921491952e-001 -7.9967243088e-001
6.2576885591e-001 -6.0953846973e-001 -4.8669928385e-001
-7.7906858201e-001 -5.1904174605e-001 -3.5163590600e-001
4.8244606496e-001 2.8520861170e-001 -3.8085837885e-001
1.0413616791e+004 -3.8685242732e-004 -1.9574836699e+000
1.3137966210e-001 5.9588578577e-001 -7.9224965428e-001
6.1965124543e-001 -6.7317571825e-001 -4.0356757351e-001
-7.7380341071e-001 -4.3789791352e-001 -4.5768296768e-001
4.7681403712e-001 2.3590519296e-001 -3.1785276259e-001
1.0413616791e+004 -3.8685242732e-004 -1.9574836699e+000
3.9143135649e-001 5.5598297604e-001 -7.3325604226e-001
5.7393739272e-001 -7.7036270225e-001 -2.7773580293e-001
-7.1928948442e-001 -3.1212855900e-001 -6.2064353719e-001
4.3992920106e-001 1.6153148474e-001 -2.2118466677e-001
1.0413616791e+004 -3.8685242732e-004 -1.9574836699e+000
6.2002102061e-001 4.7698342445e-001 -6.2294521974e-001
4.8855633007e-001 -8.5597908738e-001 -1.6915234056e-001
-6.1391094334e-001 -1.9946582356e-001 -7.6375829873e-001
3.7263763221e-001 9.7690137588e-002 -1.3679554116e-001
1.0413616791e+004 -3.8685242732e-004 -1.9574836699e+000
7.8998711235e-001 3.7482232857e-001 -4.8520983535e-001
3.8114809362e-001 -9.2010194184e-001 -9.0213897808e-002
-4.8025669495e-001 -1.1366898713e-001 -8.6973149208e-001
2.8958144624e-001 5.1538545753e-002 -7.4690355690e-002
1.0413616791e+004 -3.8685242732e-004 -1.9574836699e+000
9.2461740606e-001 2.3382156932e-001 -3.0068276660e-001
2.3599321359e-001 -9.7130297969e-001 -2.9626420236e-002
-2.9898136321e-001 -4.3565988532e-002 -9.5326394514e-001
1.7900815839e-001 1.6483647143e-002 -2.6170059714e-002
1.0413616791e+004 -3.8685242732e-004 -1.9574836699e+000
9.9346862035e-001 7.0176619614e-002 -8.9974120976e-002
7.0318075774e-002 -9.9752333619e-001 -1.6006157456e-003
-8.9863611129e-002 -4.7366455400e-003 -9.9594281743e-001
5.3224413137e-002 8.6120874551e-004 -2.4607345726e-003
1.0413616791e+004 -3.8685242732e-004 -1.9574836699e+000
9.9619515915e-001 -5.4188986077e-002 6.8255099963e-002
-5.4045247386e-002 -9.9853066662e-001 -3.9520939918e-003
6.8368970433e-002 2.4819314035e-004 -9.9766007351e-001
-4.0873987422e-002 3.0307755496e-003 -2.6317966245e-003
1.0413616791e+004 -3.8685242732e-004 -1.9574836699e+000
9.6359693432e-001 -1.6608132622e-001 2.0951835540e-001
-1.6512160672e-001 -9.8602353641e-001 -2.2191003621e-002
2.1027554104e-001 -1.3212824423e-002 -9.7755287228e-001
-1.2463037236e-001 1.4572282842e-002 -1.5531742795e-002
1.0413616791e+004 -3.8685242732e-004 -1.9574836699e+000
8.8783941485e-001 -2.8562417137e-001 3.6077694795e-001
-2.8284595255e-001 -9.5717682508e-001 -6.1730808007e-002
3.6295914448e-001 -4.7237255043e-002 -9.3060695311e-001
-2.1405076833e-001 3.8756639740e-002 -4.4548895016e-002
1.0413616791e+004 -3.8685242732e-004 -1.9574836699e+000
7.8239665397e-001 -3.8685485483e-001 4.8805614140e-001
-3.8170200551e-001 -9.1709937583e-001 -1.1503179493e-001
4.9209659097e-001 -9.6291516518e-002 -8.6519875693e-001
-2.8902047721e-001 7.1027222289e-002 -8.4531005253e-002
1.0640211192e+004 1.6815149457e-002 -6.0300689550e-001
-6.6950581453e-001 4.3833404244e-001 -5.9968761163e-001
-4.6660347440e-001 3.7999256335e-001 7.9867818893e-001
5.7796467192e-001 8.1453601457e-001 -4.9879043491e-002
3.7384069516e-001 -4.4094946216e-001 -4.9695862837e-001
1.0640211192e+004 1.6815149457e-002 -6.0300689550e-001
-8.1182103806e-001 3.3376313083e-001 -4.7911248644e-001
-3.7241387924e-001 3.3601197466e-001 8.6510337847e-001
4.4972714474e-001 8.8073726240e-001 -1.4848356777e-001
3.0270422030e-001 -4.8059514968e-001 -4.3789930294e-001
1.0640211192e+004 1.6815149457e-002 -6.0300689550e-001
-8.9964745861e-001 2.3863337636e-001 -3.6563446488e-001
-2.8614855847e-001 3.1025922230e-001 9.0656396215e-001
3.2977788390e-001 9.2021373966e-001 -2.1083932420e-001
2.3557612926e-001 -5.0546389056e-001 -4.0053438864e-001
1.0640211192e+004 1.6815149457e-002 -6.0300689550e-001
-9.6670224447e-001 1.2259450943e-001 -2.2462715063e-001
-1.8096631957e-001 2.9313501598e-001 9.3878807704e-001
1.8093634716e-001 9.4817848987e-001 -2.6118880071e-001
1.5196536373e-001 -5.2489039576e-001 -3.7007530514e-001
1.0640211192e+004 1.6815149457e-002 -6.0300689550e-001
-9.9656244089e-001 7.9846699444e-003 -8.2459362436e-002
-7.6671269030e-002 2.8814611110e-001 9.5451209273e-001
3.1381808628e-002 9.5755316495e-001 -2.8654339704e-001
6.7503850062e-002 -5.3452307510e-001 -3.5452515326e-001
1.0640211192e+004 1.6815149457e-002 -6.0300689550e-001
-9.9137436015e-001 -1.1039013741e-001 7.0646270898e-002
3.4916793892e-002 2.9709013742e-001 9.5421080886e-001
-1.2632377264e-001 9.4844687137e-001 -2.9067307522e-001
-2.3392598763e-002 -5.3463294339e-001 -3.5176063716e-001
1.0640211192e+004 1.6815149457e-002 -6.0300689550e-001
-9.2471422945e-001 -2.6289169521e-001 2.7530265246e-001
1.8205365914e-001 3.2972238077e-001 9.2635825511e-001
-3.3430533806e-001 9.0673651532e-001 -2.5703858219e-001
-1.4500890298e-001 -5.1858136804e-001 -3.7108700535e-001
1.0640211192e+004 1.6815149457e-002 -6.0300689550e-001
-7.9996153607e-001 -3.9281184542e-001 4.5360819537e-001
3.0695677604e-001 3.8166290557e-001 8.7184342869e-001
-5.1559584797e-001 8.3667931767e-001 -1.8473938654e-001
-2.5129657535e-001 -4.8655450767e-001 -4.1349337773e-001
1.0640211192e+004 1.6815149457e-002 -6.0300689550e-001
-6.7995864568e-001 -4.6962827783e-001 5.6312123102e-001
3.8228910696e-001 4.2829274446e-001 8.1879201495e-001
-6.2570862138e-001 7.7201982209e-001 -1.1168757954e-001
-3.1663765919e-001 -4.5531440353e-001 -4.5659337902e-001
1.0640211192e+004 1.6815149457e-002 -6.0300689550e-001
-5.3010766313e-001 -5.3348845239e-001 6.5907202692e-001
4.4656006219e-001 4.8509581774e-001 7.5184184405e-001
-7.2081202567e-001 6.9287236832e-001 -1.8918373855e-002
-3.7408197110e-001 -4.1575814129e-001 -5.1125088690e-001
1.0640211192e+004 1.6815149457e-002 -6.0300689550e-001
-3.6149994598e-001 -5.7804042096e-001 7.3156480287e-001
4.9313232413e-001 5.4736425015e-001 6.7617519073e-001
-7.9128901165e-001 6.0519554641e-001 8.7178269368e-002
-4.1757936314e-001 -3.7096115549e-001 -5.7403294475e-001
1.0640211192e+004 1.6815149457e-002 -6.0300689550e-001
-8.7375734680e-002 -6.0511083549e-001 7.9133201487e-001
5.2654840332e-001 6.4627882039e-001 5.5233184344e-001
-8.4564310436e-001 4.6493500954e-001 2.6215105752e-001
-4.5400103501e-001 -2.9757975420e-001 -6.7804841952e-001
1.0640211192e+004 1.6815149457e-002 -6.0300689550e-001
1.4920897061e-001 -5.9003344638e-001 7.9347162220e-001
5.1872888095e-001 7.2987591064e-001 4.4519827396e-001
-8.4181769473e-001 3.4516907047e-001 4.1497142266e-001
-4.5604189349e-001 -2.3389425382e-001 -7.6882714067e-001
1.0640211192e+004 1.6815149457e-002 -6.0300689550e-001
4.1418965804e-001 -5.2994634005e-001 7.4000257016e-001
4.6962736225e-001 8.2086826131e-001 3.2500067414e-001
-7.7967754091e-001 2.1291353700e-001 5.8887244626e-001
-4.2521415036e-001 -1.6232619698e-001 -8.7222615009e-001
1.0640211192e+004 1.6815149457e-002 -6.0300689550e-001
6.1967133669e-001 -4.4268897459e-001 6.4810022856e-001
3.9431839632e-001 8.8956982990e-001 2.3060468352e-001
-6.7861656096e-001 1.1265873029e-001 7.2580133210e-001
-3.7122818764e-001 -1.0600061542e-001 -9.5388212749e-001
1.0640211192e+004 1.6815149457e-002 -6.0300689550e-001
8.1328185059e-001 -3.0757199179e-001 4.9393532104e-001
2.7433696819e-001 9.5129065551e-001 1.4066028801e-001
-5.1313922028e-001 2.1108259121e-002 8.5804579249e-001
-2.8020273403e-001 -5.2217487146e-002 -1.0331023060e+000
1.0640211192e+004 1.6815149457e-002 -6.0300689550e-001
9.2474375086e-001 -1.7661956485e-001 3.3712686714e-001
1.5581859761e-001 9.8385568524e-001 8.8025878329e-002
-3.4723127721e-001 -2.8870745242e-002 9.3733500959e-001
-1.8736492354e-001 -2.0583227330e-002 -1.0807573724e+000
1.0640211192e+004 1.6815149457e-002 -6.0300689550e-001
9.9283792476e-001 -1.3779072313e-003 1.1946110887e-001
-5.1848922732e-003 9.9849438162e-001 5.4608486184e-002
-1.1935649146e-001 -5.4836769078e-002 9.9133594543e-001
-5.8275176952e-002 -2.1178740937e-004 -1.1134826828e+000
1.0640211192e+004 1.6815149457e-002 -6.0300689550e-001
9.8307744787e-001 1.6063204906e-001 -8.8068588647e-002
-1.5628492430e-001 9.8622059457e-001 5.4258283084e-002
9.5570675049e-002 -3.9576301751e-002 9.9463559277e-001
6.5069123975e-002 3.4055611931e-004 -1.1159135941e+000
1.0640211192e+004 1.6815149457e-002 -6.0300689550e-001
8.9436446375e-001 3.2525294605e-001 -3.0712005319e-001
-3.1279739385e-001 9.4550508566e-001 9.0431871544e-002
3.1979680483e-001 1.5187299937e-002 9.4736442278e-001
1.9547986205e-001 -2.0718798956e-002 -1.0884171816e+000
1.0640211192e+004 1.6815149457e-002 -6.0300689550e-001
7.1504043920e-001 4.7403780400e-001 -5.1381449055e-001
-4.5798397454e-001 8.7293842870e-001 1.6801541228e-001
5.2817407109e-001 1.1518098837e-001 8.4128799501e-001
3.1881627557e-001 -6.6472350580e-002 -1.0258358533e+000
1.0640211192e+004 1.6815149457e-002 -6.0300689550e-001
4.9603326687e-001 5.6905012715e-001 -6.5584521874e-001
-5.5372294031e-001 7.8911122621e-001 2.6588414401e-001
6.6883623072e-001 2.3126916235e-001 7.0652152905e-001
4.0385172176e-001 -1.2433942423e-001 -9.4623775259e-001
1.0640211192e+004 1.6815149457e-002 -6.0300689550e-001
2.9859993282e-001 6.1333188359e-001 -7.3120590855e-001
-6.0087884902e-001 7.1606046985e-001 3.5524922563e-001
7.4147332313e-001 3.3328876982e-001 5.8235376447e-001
4.4919395597e-001 -1.7725188832e-001 -8.7267166373e-001
1.0640211192e+004 1.6815149457e-002 -6.0300689550e-001
7.9260028343e-002 6.2968118942e-001 -7.7279974612e-001
-6.2225010859e-001 6.3690983801e-001 4.5513806762e-001
7.7879564089e-001 4.4480046980e-001 4.4230068031e-001
4.7455122959e-001 -2.3648890182e-001 -7.8967024000e-001
1.0640211192e+004 1.6815149457e-002 -6.0300689550e-001
-2.5351661930e-001 5.9631413271e-001 -7.6166841793e-001
-6.0051974850e-001 5.2027084440e-001 6.0720200933e-001
7.5835701052e-001 6.1133272741e-001 2.2620110741e-001
4.6893984063e-001 -3.2684579716e-001 -6.6142474110e-001
1.0640211192e+004 1.6815149457e-002 -6.0300689550e-001
-5.0357349887e-001 5.2127443112e-001 -6.8897510745e-001
-5.3719749856e-001 4.3564195978e-001 7.2224298572e-001
6.7663326756e-001 7.3381813165e-001 6.0649574526e-002
4.2653496508e-001 -3.9530169512e-001 -5.6281136523e-001
1.0640211192e+004 1.6815149457e-002 -6.0300689550e-001
-6.6648687614e-001 4.4089512631e-001 -6.0117113331e-001
-4.6651209106e-001 3.8234604998e-001 7.9760765227e-001
5.8151673478e-001 8.1204863503e-001 -4.9145717143e-002
3.7487726547e-001 -4.4025777343e-001 -4.9746528673e-001
1.0640211192e+004 1.6815149457e-002 -6.0300689550e-001
-7.9642086647e-001 3.4831195155e-001 -4.9436078713e-001
-3.8350569218e-001 3.4117078221e-001 8.5821086071e-001
4.6758655617e-001 8.7308721316e-001 -1.3813591391e-001
3.1183311845e-001 -4.7653776151e-001 -4.4421860204e-001
1.0640211192e+004 1.6815149457e-002 -6.0300689550e-001
-9.2971950272e-001 1.9597825598e-001 -3.1179186879e-001
-2.4511367710e-001 3.0256381425e-001 9.2107243125e-001
2.7484710578e-001 9.3276345420e-001 -2.3326252797e-001
2.0374517368e-001 -5.1427833076e-001 -3.8719720068e-001
-1.1351492732e-002 -6.0802848249e-002 5.3705729191e-001
128 118 106
16 0 1 -242.1411 839.5729 1 1 -267.4800 891.4857 2 1 -267.7068 925.7337 3 0 -258.8572 956.1880 4 1 -220.5315 1009.5160 5 1 -177.8564 1043.4088 13 1 442.6169 1042.8142 14 1 482.5173 1006.8689 15 1 512.9397 964.0302 16 0 527.6104 916.3930 17 1 522.4363 864.1067 27 1 -229.2097 823.8764 28 1 -258.1108 861.8859 29 1 -270.7012 898.1570 30 1 -270.7458 938.2416 31 1 -254.5166 975.9294
-4.5515987500e-003 -5.9666042382e-002 5.3569103838e-001
136 122 104
14 0 2 -111.2051 819.8228 1 2 -150.7395 855.3520 2 2 -165.4661 880.3262 3 1 -172.3232 902.4736 4 2 -168.2805 947.1412 14 2 351.0542 1022.9429 15 2 388.3540 993.2422 16 1 415.1763 959.3647 17 2 430.0879 919.0247 27 2 -94.2520 811.3877 28 2 -131.2056 836.9736 29 2 -155.5310 862.5120 30 2 -171.7427 892.0048 31 2 -176.2041 918.6251
4.3517470476e-002 -5.4194405188e-002 5.3176410870e-001
134 121 108
8 0 5 829.4875 721.7299 1 5 730.3035 625.1952 2 5 639.1575 571.1171 26 2 871.3240 877.6390 27 5 848.0522 770.0241 28 5 796.8748 695.0381 29 5 725.0120 631.7300 30 5 615.5569 570.0510
2.2925175138e-002 -5.0641301894e-002 5.2458460095e-001
127 111 91
19 0 6 432.0540 665.3513 1 6 296.8379 630.2310 2 6 200.1733 617.9055 3 4 108.5903 613.9363 17 5 149.5481 1188.9370 18 3 291.4236 1172.3021 19 3 407.3162 1142.2236 20 1 499.7026 1104.2852 21 1 569.7957 1064.3193 22 1 616.4885 1024.0161 23 2 662.9614 954.3044 24 1 667.2212 882.3396 25 1 641.3591 817.3011 26 3 578.4927 749.9382 27 6 476.4958 691.0264 28 6 384.1196 658.5507 29 6 291.1699 637.3873 30 6 177.3584 624.2126 31 5 67.9355 623.4001
8.2617520630e-003 -4.9282810090e-002 5.2211277324e-001
138 125 107
15 0 7 142.3032 643.1237 1 7 1.5444 651.6788 2 7 -87.0503 668.1368 3 5 -161.3965 688.6007 4 4 -277.5876 743.7256 5 2 -338.5342 792.3104 6 2 -378.9797 844.7075 7 2 -396.7041 904.7124 21 2 647.8718 925.6882 26 4 336.7065 669.6882 27 7 197.2617 650.7460 28 7 89.7048 650.9308 29 7 -5.3879 660.1346 30 7 -106.7034 679.8074 31 6 -192.9409 707.0178
6.3560530216e-003 -4.7608928355e-002 5.2055403860e-001
126 117 105
11 0 8 104.4519 613.1228 1 8 -47.4287 628.0269 2 8 -140.5281 648.9443 3 6 -218.1750 673.1865 24 2 561.1707 713.2452 25 2 456.9980 667.3429 26 5 320.6917 633.4666 27 8 164.4348 618.8542 28 8 48.4763 622.7800 30 8 -161.5435 661.0453 31 7 -251.1685 694.4697
2.4505725466e-002 -4.6635154381e-002 5.2025496795e-001
134 121 106
12 0 9 467.0750 594.4152 1 9 300.2087 557.6044 2 9 180.9753 545.8705 3 7 69.0261 544.3745 4 5 -129.2092 571.6459 5 3 -253.9714 610.7139 6 3 -360.3333 661.0382 27 9 523.4402 622.8110 28 9 409.1675 586.7109 29 8 293.6025 564.4888 30 9 154.2029 552.9755 31 8 20.0732 555.6155
5.6443724288e-002 -4.7309193015e-002 5.3062796455e-001
110 98 86
16 0 10 1084.9824 588.7278 1 10 957.3242 454.7791 2 10 836.5579 378.3711 3 8 701.3276 319.2021 5 4 195.1648 238.7361 6 4 -25.9277 249.1803 7 3 -252.8796 288.5978 8 2 -444.1272 349.8624 9 2 -627.5110 441.6686 10 2 -761.8973 548.0817 11 2 -859.9286 687.6663 27 10 1109.3108 655.4167 28 10 1044.9756 550.5543 29 9 951.1169 461.1073 30 10 806.4292 373.6068 31 9 636.8999 308.1072
5.4652741623e-003 -4.3343675307e-002 5.1611938988e-001
137 125 112
14 0 12 87.8752 534.0920 1 12 -97.8547 555.5607 2 11 -210.5398 582.9680 3 9 -303.9143 616.3914 4 7 -441.9932 696.2554 5 6 -508.1582 763.4757 6 6 -547.8877 833.7368 25 3 521.5696 598.6567 26 6 354.6375 556.9587 27 11 162.4009 539.2964 28 12 20.6702 544.7939 29 11 -103.3804 563.3665 30 12 -235.0847 597.1874 31 11 -341.8389 640.3816
4.3477007591e-002 -4.3315081535e-002 5.2052585318e-001
116 106 98
16 0 13 846.5669 526.5980 1 13 661.0132 433.2893 2 12 515.8298 388.2561 3 10 368.3206 359.6061 4 8 83.4751 348.0370 5 7 -114.8811 369.2671 6 7 -300.1697 411.6775 7 5 -473.7500 478.4170 8 4 -607.8252 557.5092 9 4 -716.8055 662.0248 10 4 -775.9178 772.2351 27 12 900.5249 578.8840 28 13 785.5566 500.3541 29 12 654.5198 440.0278 30 13 481.5039 389.5040 31 12 301.6707 361.3628
2.0093531786e-002 -4.1612108253e-002 5.1468951648e-001
137 126 114
11 0 14 384.8772 502.2756 1 14 176.4373 480.2274 2 13 35.3833 483.1023 3 11 -90.4839 496.8998 25 4 768.7612 669.2941 26 7 638.5608 587.9769 27 13 460.7935 525.6858 28 14 312.7600 498.6351 29 13 168.7227 488.6683 30 14 4.9695 492.9313 31 13 -144.1497 514.5300
6.2367085252e-002 -3.9060934542e-002 5.2773120949e-001
103 91 78
16 0 15 1207.6538 430.9731 1 15 1040.6484 279.0247 2 14 888.4434 194.3748 3 12 722.7151 131.0979 4 9 376.3574 64.5809 5 8 116.8730 57.0992 6 8 -141.4016 79.3770 7 6 -398.2212 135.5735 8 5 -610.2778 215.6031 9 5 -807.5602 330.9417 10 5 -946.4774 463.1193 27 14 1244.6816 506.9105 28 15 1155.4299 385.8313 29 14 1033.5015 285.0323 30 15 851.1106 188.3990 31 14 644.8525 119.4030
1.2023535794e-002 3.1149369000e-002 4.9199849104e-001
45 34 28
7 0 17 232.9680 -998.8789 1 17 -331.7974 -960.5181 2 17 -680.6630 -884.0327 26 9 1007.6816 -872.1440 27 16 464.8074 -976.4338 28 17 40.0776 -987.9075 29 17 -341.8911 -951.2781
4.1152026623e-002 3.4695843237e-002 4.9696823346e-001
54 41 31
8 0 19 838.5361 -1067.4761 1 19 270.6421 -1140.5571 2 19 -116.9424 -1131.3452 3 16 -460.4678 -1085.7717 4 11 -1022.4808 -910.7437 5 10 -1337.3264 -734.1819 30 19 -193.3037 -1114.6831 31 18 -603.0244 -1044.2844
2.4673237338e-002 3.6446075380e-002 4.9320788866e-001
49 38 32
11 0 21 499.1897 -1108.8616 1 21 -86.8179 -1118.1392 2 20 -465.2961 -1067.8711 3 18 -788.8225 -986.4160 25 7 1648.0859 -681.6926 26 11 1255.7568 -909.5852 27 19 730.6433 -1065.4119 28 19 301.9426 -1112.9961 29 20 -98.8440 -1107.3547 30 21 -539.3123 -1043.4578 31 20 -915.8827 -931.5767
-2.1827719986e-003 3.6995738707e-002 4.9284114440e-001
49 36 29
5 0 22 -69.6509 -1120.8772 1 22 -632.7251 -1029.4343 25 8 1264.1038 -910.4089 28 20 -262.3391 -1092.1985 29 21 -641.3271 -1018.6963
2.7352048722e-002 3.7109019882e-002 4.9358202504e-001
54 43 36
6 0 23 554.5991 -1121.9197 1 23 -34.3660 -1141.5830 26 12 1304.3425 -909.3118 27 20 786.1750 -1074.4084 28 21 359.3735 -1130.3018 30 22 -491.0979 -1074.0469
6.1498204787e-003 3.7848326714e-002 4.9218629844e-001
51 38 29
8 0 24 107.4961 -1140.3860 1 24 -472.7773 -1078.2749 24 4 1722.6489 -636.5278 25 9 1402.1833 -856.0027 26 13 928.3254 -1035.5386 28 22 -90.2893 -1122.0125 29 22 -481.9966 -1068.5696 30 23 -890.0177 -954.0945
1.7025929457e-002 5.4902381974e-003 4.9421517157e-001
76 62 51
15 0 25 336.2629 -454.2773 1 25 -131.8250 -445.3816 2 21 -428.0984 -399.0483 3 19 -679.6885 -330.8923 4 12 -1060.8198 -150.7209 5 11 -1254.4630 6.0808 6 9 -1381.3912 175.7793 24 5 1521.0269 10.9839 25 10 1301.2688 -170.0835 26 14 959.3071 -328.6206 27 21 523.6111 -426.8274 28 23 177.8845 -450.9810 29 23 -139.6763 -436.3369 30 24 -485.8186 -377.5552 31 21 -778.4373 -285.1848
3.3185249735e-002 7.3913939201e-003 4.9639994678e-001
66 54 46
12 0 26 672.9897 -495.2537 1 26 199.6768 -542.4443 2 22 -118.9333 -530.1572 3 20 -401.3108 -490.9333 4 13 -859.5039 -348.0654 5 12 -1118.2363 -205.6262 26 15 1248.2102 -289.9620 27 22 853.8203 -443.5024 28 24 516.0317 -510.3423 29 24 191.3240 -534.2239 30 25 -182.0046 -514.7021 31 22 -516.9236 -454.8228
-3.6945940297e-002 1.3167670435e-002 5.0422304540e-001
66 57 49
10 0 27 -785.5581 -611.8508 1 27 -1160.6793 -420.1162 22 2 1567.8716 -327.1428 23 4 1260.5684 -539.2832 25 11 410.9482 -761.5811 26 16 -100.0605 -758.8528 27 23 -602.4640 -665.0740 28 25 -923.3447 -547.0542 29 25 -1166.9915 -409.9880 30 26 -1377.4827 -231.6824
-1.8682906201e-002 -3.5410264278e-002 5.1305295002e-001
95 81 67
15 0 29 -401.2710 378.7742 1 29 -602.7809 476.0277 2 24 -703.4816 552.1489 19 4 1084.5095 760.4478 20 2 1058.1157 648.5308 21 3 995.0264 554.3024 22 3 908.9822 479.3450 23 5 719.6667 379.0743 24 6 478.8782 315.0717 25 12 236.6641 289.7911 26 17 -38.6401 300.8241 27 25 -306.3604 353.0146 28 27 -477.3467 414.5850 29 26 -607.8737 484.5142 30 28 -723.0303 574.8690
-1.7220738500e-002 -3.4729253807e-002 5.1220061537e-001
87 74 62
16 0 30 -371.8188 366.0118 1 30 -581.5289 459.0458 2 25 -688.7766 534.0742 3 22 -762.0852 608.6453 20 3 1068.6187 666.6611 21 4 1012.2212 570.9027 22 4 931.6914 493.2805 23 6 749.6895 389.4915 24 7 514.9070 320.5422 25 13 273.7781 290.5717 26 18 -1.5530 295.5721 27 26 -273.9285 342.6724 28 28 -449.8381 400.6720 29 27 -586.9292 467.6064 30 29 -709.2067 556.6129 31 24 -787.6479 647.8479
6.4593959746e-002 -2.1008750079e-002 5.1808264011e-001
81 68 56
15 0 34 1274.3613 81.5908 1 34 1004.2424 -77.1998 2 29 778.6343 -157.5681 3 26 550.6421 -208.7556 4 18 103.3064 -237.8889 5 17 -208.9863 -209.5122 6 13 -502.1909 -145.5203 7 9 -777.3793 -41.3416 8 7 -986.0426 81.9534 9 7 -1160.2024 246.4503 27 30 1352.8970 166.0859 28 32 1189.0854 33.3489 29 30 995.5012 -70.3300 30 33 727.9419 -161.0159 31 28 448.2910 -213.0436
2.6393708768e-002 -5.8268986393e-002 5.3415223860e-001
139 124 107
11 0 35 491.5488 797.2761 1 35 422.1465 747.4870 2 30 361.8074 720.6762 3 27 300.5588 701.5072 16 4 -119.9592 1094.0950 17 6 -30.9739 1117.2786 27 31 507.0313 825.8306 28 33 466.6523 786.4138 29 31 417.0413 754.2683 30 34 345.5771 723.4615 31 29 269.7837 703.3041
5.2635300935e-002 -4.4103638330e-002 5.2570705777e-001
109 97 86
16 0 36 1019.5715 533.7078 1 36 860.9417 412.1986 2 31 719.8203 345.9122 3 28 573.5752 298.7635 4 19 274.6770 254.0952 5 18 53.3035 256.2897 6 14 -161.7104 281.8751 7 10 -374.2915 336.3376 8 8 -547.8329 409.3020 9 8 -704.9755 511.4404 10 6 -811.1948 625.6138 27 32 1058.4619 595.4436 28 34 968.8044 498.4994 29 32 854.1646 418.7758 30 35 686.2522 343.3550 31 30 504.6394 292.4932
6.2881129318e-002 -1.6167056663e-002 5.1493722385e-001
76 61 48
14 0 38 1249.3445 -12.8419 1 38 943.8523 -167.8568 2 33 701.4365 -240.8002 3 30 456.3577 -284.3607 4 21 -7.9412 -295.4750 5 20 -328.5378 -252.5281 6 16 -619.1273 -174.6058 7 12 -886.6456 -56.2603 8 10 -1083.4630 78.5721 27 34 1341.0679 71.1527 28 36 1153.9424 -59.5017 29 34 936.2007 -160.2452 30 37 647.0195 -242.4247 31 32 348.7058 -284.3295
5.4529486311e-003 -1.4852485346e-002 4.9945336698e-001
84 71 60
13 0 39 90.8843 -29.4451 1 39 -269.5479 9.1399 2 34 -489.2627 63.1504 3 31 -668.8135 128.9602 23 7 1303.6094 393.1141 24 10 1137.7610 233.4562 25 16 916.2454 113.8127 26 21 606.8779 20.2994 27 35 241.6501 -21.8475 28 37 -32.7659 -14.7960 29 35 -276.3442 17.5391 30 38 -531.7549 83.8441 31 33 -738.6857 170.5741
5.2968864141e-002 -1.3914922300e-002 5.0854724162e-001
85 70 57
14 0 40 1062.5386 -54.4508 1 40 717.5476 -175.3839 2 35 458.8840 -223.5381 3 32 211.1030 -243.0050 4 22 -242.1970 -211.8678 5 21 -536.6191 -143.1790 6 17 -794.3064 -44.3052 7 13 -1017.0428 90.7074 8 11 -1169.7047 234.1929 27 36 1175.8613 18.5856 28 38 951.8079 -91.5470 29 36 710.1792 -167.6494 30 39 404.2781 -219.9645 31 34 102.9941 -233.0839
4.5151920645e-002 -1.0833727273e-002 5.0416123779e-001
94 80 65
12 0 41 909.9055 -116.0365 1 41 535.5566 -208.9686 3 33 12.4045 -237.7316 4 23 -429.2874 -172.0425 5 22 -705.6782 -82.9745 6 18 -935.2568 33.5530 25 17 1469.9951 307.8413 26 22 1312.0735 116.1034 27 37 1041.0115 -52.9093 28 39 788.1431 -144.7333 30 40 209.8596 -229.3204 31 35 -95.0037 -219.6591
3.6977252460e-002 -8.6019808396e-003 5.0083712312e-001
86 74 64
14 0 42 747.4006 -160.4957 1 42 348.8127 -225.6589 2 36 73.9607 -232.9523 3 34 -174.6631 -214.6125 4 24 -598.0812 -119.0814 5 23 -848.0321 -11.9070 6 19 -1047.2743 117.1492 25 18 1410.7217 219.8251 26 23 1203.5579 38.9761 27 38 891.0850 -108.0736 28 40 616.1582 -179.9834 29 37 340.5210 -217.4764 30 41 18.0520 -221.8197 31 36 -278.6733 -189.3671
3.7835927038e-003 -7.6831216324e-003 4.9683918145e-001
93 78 66
12 0 43 55.2632 -178.5491 1 43 -339.6104 -130.5543 2 37 -579.9478 -66.5941 3 35 -773.0614 9.7015 4 25 -1049.9415 189.1890 24 11 1223.0618 105.6655 26 24 628.8259 -129.0021 27 39 222.9858 -172.1780 28 41 -80.6829 -161.1387 29 38 -346.2131 -121.5361 30 42 -626.3168 -43.2869 31 37 -848.1919 56.7831
1.2662659355e-002 -6.0320790727e-003 4.9642097854e-001
88 73 61
12 0 47 243.1111 -212.9677 1 47 -169.4658 -193.4342 2 41 -429.1245 -146.8960 3 39 -645.9042 -82.3794 4 28 -970.4117 82.3843 5 26 -1132.8044 224.0024 25 21 1125.0571 8.7604 26 28 806.9131 -119.3152 27 43 411.0955 -193.4589 29 42 -176.8218 -184.6664 30 46 -478.6357 -126.2258 31 41 -731.3221 -39.6859
-1.1122481001e-002 2.2979244879e-003 4.9679969325e-001
79 64 51
12 0 48 -254.8228 -387.4194 1 48 -669.5211 -285.5098 2 42 -903.9403 -186.3865 3 40 -1082.1025 -78.2223 24 15 1148.3872 -211.3518 25 22 819.2268 -330.7065 26 29 394.4189 -403.5784 27 44 -72.3071 -402.0815 28 44 -401.0315 -352.6731 29 43 -676.8827 -275.3037 30 47 -946.7228 -155.8417 31 42 -1147.0237 -19.4447
8.2838166306e-003 3.2017307567e-002 4.9187997875e-001
43 31 24
9 0 50 152.8154 -1018.3394 1 50 -410.4907 -965.8989 2 44 -755.7129 -880.5605 3 42 -1036.4611 -771.5933 25 24 1395.7053 -730.1589 28 46 -40.3425 -1001.5339 29 45 -420.6091 -956.3440 30 49 -819.9264 -850.5657 31 44 -1143.8945 -708.8162
-5.6495557765e-003 3.3058331899e-002 4.9314465031e-001
53 42 35
8 0 51 -140.5952 -1038.1060 1 51 -686.9266 -935.0801 2 45 -1002.6381 -820.2278 3 43 -1249.9015 -688.6973 24 16 1542.9863 -678.7473 29 46 -694.6722 -924.1807 30 50 -1062.0631 -785.0112 31 45 -1341.9988 -618.4646
-8.8390026198e-004 3.5407882705e-002 4.9252728953e-001
44 33 26
8 0 56 -40.7239 -1087.3694 1 56 -603.4954 -1001.4685 2 48 -934.8226 -893.5833 25 27 1275.7439 -869.7607 26 32 781.5081 -1026.4150 28 50 -234.2207 -1060.6428 29 51 -612.3757 -991.3457 30 54 -996.9279 -860.9749
6.7104506634e-002 -2.1314744870e-002 5.1996119101e-001
83 71 60
13 0 60 1321.1536 86.7357 1 60 1059.0396 -80.9862 2 52 839.0464 -167.8370 3 51 612.2656 -225.1875 4 34 162.6277 -265.5303 6 21 -456.9517 -185.4122 7 16 -741.7417 -85.3326 8 13 -961.1824 35.2500 9 11 -1149.4924 199.0586 28 54 1239.0891 35.1683 29 56 1051.4434 -73.7848 30 58 789.2756 -172.4543 31 52 508.9646 -232.2307
-2.0662508503e-002 -1.9073958000e-002 5.0593076692e-001
77 66 55
13 0 61 -448.0720 53.2473 1 61 -733.0717 168.4430 2 53 -881.5883 263.4515 21 5 1290.5642 398.0791 22 5 1203.3848 290.8838 23 10 994.7524 143.0494 24 19 709.0784 37.2065 25 31 404.4854 -16.9043 26 36 46.0369 -24.8007 27 51 -314.6875 24.3887 28 55 -552.1536 93.9673 29 57 -738.6687 177.3572 30 59 -909.4270 290.5388
2.4754085610e-002 -1.2300179717e-002 4.9969587602e-001
85 75 66
14 0 63 493.0010 -83.2489 1 63 109.5388 -107.5100 2 56 -143.6504 -90.9276 3 53 -366.3335 -53.2849 4 37 -725.8748 67.4937 5 34 -923.8691 182.5519 24 21 1365.0374 361.8998 25 33 1219.8354 205.1971 26 38 974.7212 58.2991 27 53 640.1335 -48.0551 28 58 366.0193 -89.3862 29 60 103.0923 -99.2859 30 62 -194.7871 -75.6718 31 55 -457.0500 -21.5109
-2.9421810976e-002 7.9379483861e-003 5.0193892971e-001
70 58 47
10 0 71 -631.7762 -503.6970 1 71 -1013.3955 -339.7861 21 9 1657.8735 1.8694 22 8 1554.0352 -147.1134 23 15 1291.0728 -356.9802 24 23 918.6396 -514.0603 25 39 514.8467 -597.1584 26 43 33.4043 -613.2529 28 65 -771.2351 -448.3860 29 68 -1019.8153 -329.6443
4.7531553334e-003 8.5749541661e-003 4.9352689417e-001
58 45 35
12 0 79 77.5430 -520.7974 1 79 -392.1707 -466.8779 2 69 -677.9506 -392.7080 3 64 -909.1710 -300.6827 24 26 1428.4846 -154.0223 25 43 1149.1455 -320.8843 26 49 750.4080 -450.7075 27 64 275.3086 -510.9324 28 72 -84.4817 -502.7336 29 75 -400.6055 -457.3147 30 75 -732.0570 -365.4419 31 66 -996.9808 -246.4331
-5.6092056363e-002 -1.1815473851e-002 5.2417097638e-001
72 63 56
10 0 90 -1136.2325 -104.6344 1 90 -1308.8412 111.0564 21 11 1156.8086 -294.8732 22 10 941.5991 -389.4331 23 18 537.6318 -487.6621 24 28 95.7517 -511.6453 25 49 -302.3643 -469.6626 26 58 -702.6646 -356.2412 27 74 -1034.0973 -181.6588 29 86 -1313.2072 120.2792
3.9019362840e-002 -1.1367030331e-002 5.0221968699e-001
95 82 71
14 0 91 786.5908 -104.3873 1 91 405.3254 -176.4305 2 79 137.6060 -190.0526 3 74 -106.8130 -178.3641 4 54 -526.8340 -95.0861 5 49 -779.6987 3.1387 6 33 -984.9681 125.1350 7 24 -1143.8998 275.3900 26 59 1216.5376 101.0376 27 75 923.9629 -49.0676 28 83 661.2510 -126.0082 29 87 397.7473 -168.2963 30 86 82.8447 -180.3398 31 77 -209.4783 -156.1378
2.6697116320e-002 -1.0315928282e-002 4.9903301796e-001
103 91 80
14 0 92 534.7715 -124.3544 1 92 139.6213 -154.1898 2 80 -123.1577 -140.0510 3 75 -354.8057 -103.8800 4 55 -729.7799 16.3281 5 50 -939.9873 133.7970 24 29 1412.8970 347.7175 25 50 1271.1160 184.4336 26 60 1024.3032 28.6399 27 76 685.4829 -85.5992 28 84 402.0654 -132.2584 29 88 131.8230 -145.7185 30 87 -175.9507 -125.0289 31 78 -449.3599 -72.4338
2.9041332062e-003 -9.3341600938e-003 4.9756613630e-001
90 77 68
11 0 94 38.7468 -144.3156 1 94 -348.8777 -93.7203 2 82 -580.3561 -30.4872 3 76 -768.4971 45.5175 23 19 1374.8396 293.7047 26 61 598.8835 -100.7495 27 78 200.7202 -139.0475 28 86 -95.5330 -126.4399 29 90 -355.8506 -84.6729 30 89 -624.7450 -7.3127 31 79 -841.1458 91.8119
5.0640194567e-003 -8.5110518698e-003 4.9717306657e-001
94 80 68
13 0 95 83.0764 -161.0721 1 95 -309.9128 -117.8000 2 83 -548.9453 -57.5482 3 77 -743.5496 16.3165 4 57 -1023.2050 190.3578 24 30 1224.0754 129.8104 25 51 984.0527 -2.9513 26 62 646.8684 -106.4854 27 79 248.1123 -153.3311 28 87 -52.5181 -145.3202 29 91 -317.4353 -108.5742 30 90 -595.2175 -34.6053 31 80 -818.8292 61.5149
1.9825297883e-002 -8.3605418610e-003 4.9750742860e-001
93 79 68
14 0 96 392.2043 -164.3212 1 96 -12.5444 -170.2555 2 84 -274.5771 -139.7169 3 78 -498.8901 -89.9504 4 58 -850.6858 52.7510 5 52 -1037.3481 181.5936 24 31 1380.0459 259.7345 25 52 1202.5313 102.2074 26 63 919.7551 -40.3936 27 80 552.0068 -135.4614 28 88 255.7268 -164.8241 29 92 -20.0173 -161.4822 30 91 -325.8596 -122.2592 31 81 -589.3560 -52.6772
-5.7161278035e-002 -8.3987863663e-003 5.2328549644e-001
81 68 53
11 0 97 -1160.0052 -172.9730 1 97 -1344.8733 49.2061 20 6 1409.1267 -203.3705 21 12 1211.0774 -342.0547 22 11 993.6963 -442.3374 23 20 582.5310 -549.5918 24 32 127.9138 -580.1409 25 53 -284.5164 -541.4875 26 64 -702.7230 -428.9243 27 81 -1051.2847 -251.4154 28 89 -1236.8405 -94.5815
-5.7442143363e-003 -7.8446221953e-003 4.9804400073e-001
89 75 63
12 0 98 -141.9312 -175.6824 1 98 -522.6357 -96.4260 2 85 -741.9053 -15.3136 3 79 -912.4967 74.4388 24 33 1097.4714 13.3342 25 54 813.3433 -98.8240 26 65 437.7451 -172.6281 27 82 22.6106 -182.9788 28 90 -275.6414 -148.0109 29 93 -529.6304 -86.9728 30 92 -782.8488 10.4403 31 82 -976.2108 125.0905
-2.9078760230e-002 -3.1344551375e-003 5.0483153565e-001
73 61 51
6 0 99 -621.9211 -275.0117 1 99 -953.5366 -121.5511 2 86 -1120.4619 0.7423 26 66 -30.8657 -387.4602 27 83 -464.1528 -315.9619 29 94 -959.5724 -111.8047
-1.6099916591e-002 -3.1240068829e-003 4.9915591783e-001
71 60 51
10 0 100 -358.3911 -274.1046 1 100 -735.6879 -159.3319 2 87 -942.7644 -57.5414 23 21 1300.2534 -16.8644 24 34 1008.0913 -174.0623 25 55 674.1467 -272.2284 26 67 256.0605 -319.9077 27 84 -187.8474 -296.5093 28 91 -492.6912 -234.6537 29 95 -742.6011 -149.8960
-3.2667748068e-002 -1.6499581470e-003 5.0614919198e-001
89 78 66
12 0 101 -694.3783 -305.9329 1 101 -1018.8983 -140.7488 20 7 1582.4204 199.3595 21 13 1501.1670 40.2274 22 12 1381.0059 -90.6766 23 22 1098.9534 -268.5061 24 35 728.5020 -390.8206 25 56 343.4536 -444.9690 26 68 -101.0955 -436.2236 27 85 -537.0728 -352.0137 28 92 -814.0786 -249.0972 29 96 -1024.5099 -130.6819
-1.9090979238e-002 -6.9765190385e-004 4.9985602261e-001
73 63 52
9 0 102 -419.8403 -325.2539 1 102 -798.7512 -199.2799 23 23 1296.6494 -91.7739 24 36 985.0215 -249.2551 25 57 636.7776 -343.2793 26 69 207.2622 -385.1113 27 86 -246.9429 -351.9473 28 93 -555.8950 -282.0616 29 97 -805.1013 -189.4191
-1.4584609125e-002 1.0684160467e-003 4.9790755661e-001
75 64 54
10 0 103 -327.1841 -361.8870 1 103 -727.4340 -249.1908 23 24 1372.4980 -58.2878 24 37 1081.7632 -228.3113 25 58 744.0410 -337.6633 26 70 314.6587 -396.8674 27 87 -146.7981 -382.1902 28 94 -469.5120 -323.1343 29 98 -734.4556 -239.3235 30 93 -990.7393 -114.1219
4.8721092847e-002 -1.5274989400e-002 5.0705699134e-001
95 82 70
12 0 104 977.4233 -26.2643 1 104 632.2485 -132.0258 3 80 133.7019 -182.3767 4 59 -302.4448 -139.9989 6 34 -821.4451 36.3573 7 26 -1024.7015 172.3153 26 71 1330.1008 213.1997 27 88 1094.5784 40.8926 28 95 866.6145 -57.5516 29 99 623.9290 -124.5933 30 94 324.3464 -165.5302 31 83 28.1931 -170.1923
-3.0936586388e-002 -9.8734222984e-003 5.0783855245e-001
72 63 54
11 0 105 -656.7174 -137.1191 1 105 -948.5630 14.6007 21 14 1383.5627 145.7684 22 13 1264.7964 27.9126 23 25 995.2622 -128.8646 24 38 646.9756 -233.4283 25 59 290.0845 -276.5321 26 72 -118.7507 -261.6951 27 89 -514.9512 -180.2346 28 96 -765.4165 -84.1958 29 100 -954.4867 24.4427
3.0769214608e-002 -8.3458634466e-003 4.9919111383e-001
92 79 68
15 0 106 618.7937 -165.7366 1 106 216.0952 -208.7700 2 88 -56.3796 -201.9880 3 81 -298.8105 -171.7053 4 60 -697.8483 -57.3552 5 53 -926.0431 59.0380 6 35 -1100.2195 194.0437 24 39 1470.1213 349.7039 25 60 1343.0850 176.2703 26 73 1107.0593 8.3009 27 90 770.6064 -121.3962 28 97 484.4805 -178.4808 29 101 208.4258 -200.2653 30 95 -111.1436 -188.1854 31 84 -398.0688 -141.7388
5.8276760036e-002 -5.6402601180e-003 5.0874329957e-001
73 60 49
14 0 107 1170.4011 -224.0286 2 89 516.0444 -420.3125 3 82 243.3394 -444.2004 4 61 -255.2944 -414.1465 5 54 -580.3043 -339.9502 6 36 -865.0677 -231.4111 7 27 -1111.4330 -82.8679 8 21 -1279.9347 74.9065 26 74 1525.7964 67.4010 27 91 1291.7424 -141.7957 28 98 1052.4985 -267.1587 29 102 790.5894 -355.8054 30 96 456.4268 -417.8833 31 85 125.2136 -435.2075
2.3175529364e-002 -5.3768150679e-003 4.9703934084e-001
88 74 63
14 0 108 462.9971 -226.8602 1 107 43.3511 -243.1957 2 90 -232.0896 -217.8304 3 83 -469.6196 -170.2838 4 62 -846.9159 -29.0481 5 55 -1050.1239 101.9003 24 40 1448.1453 241.4420 25 61 1278.5642 72.1173 26 75 999.3765 -83.4935 27 92 626.6196 -192.3087 28 99 322.0022 -230.8584 29 103 35.1719 -234.4171 30 97 -285.8997 -200.3649 31 86 -565.8539 -133.6823
7.1405477307e-002 -5.3867974032e-003 5.1718857578e-001
67 54 44
13 0 109 1414.1274 -231.3848 1 108 1085.5457 -416.4568 2 91 817.9504 -506.7827 4 63 23.0364 -584.7644 5 56 -337.8154 -541.8462 6 37 -671.8606 -456.3604 7 28 -979.3781 -323.2319 8 22 -1205.5759 -171.5786 27 93 1511.4399 -132.6757 28 100 1312.1079 -288.7841 29 104 1077.4104 -409.2966 30 98 758.6221 -510.8804 31 87 425.7905 -566.0305
2.4662636509e-002 -1.4884192077e-003 4.9642765528e-001
82 67 53
14 0 111 495.9939 -308.0852 1 110 56.9023 -328.0437 2 93 -229.9858 -303.5237 3 84 -480.2358 -255.1871 4 65 -874.6825 -109.3425 5 58 -1089.1649 27.3182 6 38 -1243.2892 180.7444 25 62 1336.6179 12.1426 26 76 1049.3167 -153.9133 27 95 664.9233 -271.1460 28 102 347.5303 -313.9163 29 106 49.1301 -319.2429 30 99 -285.8699 -286.0669 31 89 -579.7231 -217.8894
1.1938136006e-002 -4.5522650277e-004 4.9504509142e-001
88 74 62
13 0 112 229.0513 -329.9468 1 111 -209.9531 -305.6484 2 94 -483.2451 -252.8176 3 85 -711.7664 -180.9572 4 66 -1051.0686 -2.0105 24 41 1401.7336 62.5713 25 63 1172.1270 -98.2388 26 77 830.1758 -234.2219 27 96 407.9741 -311.0399 28 103 78.7427 -320.9346 29 107 -217.5659 -296.4359 30 100 -536.4937 -230.1771 31 90 -800.9264 -135.3483
