<?xml version="1.0" encoding="UTF-8"?>
<document version="1.1.0">
  <chunk>
    <sensors>
      <sensor id="0" label="Canon EOS 600D (53 mm)" type="frame">
        <resolution width="5184" height="3456"/>
        <property name="pixel_width" value="4.4035976080246883e-03"/>
        <property name="pixel_height" value="4.4035976080246883e-03"/>
        <property name="focal_length" value="5.3000000000000000e+01"/>
        <property name="fixed" value="false"/>
        <calibration type="frame" class="adjusted">
          <resolution width="5184" height="3456"/>
          <fx>1.1232338186030529e+04</fx>
          <fy>1.1232338186030529e+04</fy>
          <cx>2.5878008440311569e+03</cx>
          <cy>2.2332025353713593e+03</cy>
          <k1>1.9735475126223906e-01</k1>
          <k2>-3.0966839112757731e+00</k2>
          <k3>2.2488390273765386e+01</k3>
        </calibration>
      </sensor>
      <sensor id="1" label="Canon EOS 600D (55 mm)" type="frame">
        <resolution width="5184" height="3456"/>
        <property name="pixel_width" value="4.4035976080246883e-03"/>
        <property name="pixel_height" value="4.4035976080246883e-03"/>
        <property name="focal_length" value="5.5000000000000000e+01"/>
        <property name="fixed" value="false"/>
        <calibration type="frame" class="adjusted">
          <resolution width="5184" height="3456"/>
          <fx>1.1431774431348882e+04</fx>
          <fy>1.1431774431348882e+04</fy>
          <cx>2.6056958610853835e+03</cx>
          <cy>2.2093055905381079e+03</cy>
          <k1>3.2106188298413434e-02</k1>
          <k2>1.3480725013322803e+00</k2>
          <k3>-1.2238183994552955e+01</k3>
        </calibration>
      </sensor>
      <sensor id="2" label="Canon EOS 600D (55 mm)" type="frame">
        <resolution width="5184" height="3456"/>
        <property name="pixel_width" value="4.4035976080246883e-03"/>
        <property name="pixel_height" value="4.4035976080246883e-03"/>
        <property name="focal_length" value="5.5000000000000000e+01"/>
        <property name="fixed" value="false"/>
        <calibration type="frame" class="adjusted">
          <resolution width="5184" height="3456"/>
          <fx>1.1192337890411876e+04</fx>
          <fy>1.1192337890411876e+04</fy>
          <cx>2.5865411958961922e+03</cx>
          <cy>2.3833233354735794e+03</cy>
          <k1>1.2397092114471002e-01</k1>
          <k2>-9.3520105534445785e-01</k2>
          <k3>3.7976178357496972e+00</k3>
        </calibration>
      </sensor>
    </sensors>
    <cameras>
      <camera id="0" label="IMG_9505.JPG" sensor_id="0" enabled="true">
        <transform>1.0000000000000000e+00 0.0000000000000000e+00 0.0000000000000000e+00 7.5231638452626401e-37 0.0000000000000000e+00 1.0000000000000000e+00 0.0000000000000000e+00 1.2037062152420224e-35 0.0000000000000000e+00 0.0000000000000000e+00 1.0000000000000000e+00 -2.3738919364399497e-66 0.0000000000000000e+00 0.0000000000000000e+00 0.0000000000000000e+00 1.0000000000000000e+00</transform>
        <orientation>1</orientation>
      </camera>
      <camera id="1" label="IMG_9506.JPG" sensor_id="1" enabled="true">
        <transform>9.7807887914543945e-01 1.5085320440070982e-01 -1.4354447705028028e-01 1.8689205544116625e+00 -1.5214443051641569e-01 9.8835624252294363e-01 2.0025305899674280e-03 -1.2386709674974103e-01 1.4217516812874298e-01 1.9880859839701809e-02 9.8964184075836137e-01 2.0344109876268807e-01 0.0000000000000000e+00 0.0000000000000000e+00 0.0000000000000000e+00 1.0000000000000000e+00</transform>
        <orientation>1</orientation>
      </camera>
      <camera id="2" label="IMG_9507.JPG" sensor_id="1" enabled="true">
        <transform>9.3688657210823778e-01 2.5231959144011401e-01 -2.4202969813386499e-01 3.1284659107724537e+00 -2.5540623199408791e-01 9.6664562414911648e-01 1.9076005135961131e-02 -3.7681789464771848e-01 2.3877019843744740e-01 4.3943840169687214e-02 9.7008130136050086e-01 4.8375240157527089e-01 0.0000000000000000e+00 0.0000000000000000e+00 0.0000000000000000e+00 1.0000000000000000e+00</transform>
        <orientation>1</orientation>
      </camera>
      <camera id="3" label="IMG_9508.JPG" sensor_id="1" enabled="true">
        <transform>8.7532297151724603e-01 3.4824154605152408e-01 -3.3546612517192076e-01 4.3175381703987359e+00 -3.5357439652771833e-01 9.3421386028342945e-01 4.7218739652734355e-02 -7.7038446595423515e-01 3.2984063069045688e-01 7.7280585259023316e-02 9.4086814670693608e-01 8.8710791827962543e-01 0.0000000000000000e+00 0.0000000000000000e+00 0.0000000000000000e+00 1.0000000000000000e+00</transform>
        <orientation>1</orientation>
      </camera>
      <camera id="4" label="IMG_9509.JPG" sensor_id="1" enabled="true">
        <transform>8.0148004288003927e-01 4.2977877023493877e-01 -4.1583644563740940e-01 5.3331363875711375e+00 -4.3779629861773023e-01 8.9536533006774643e-01 8.1580185273696218e-02 -1.2394498558996445e+00 4.0738696810480524e-01 1.1666676633908722e-01 9.0577299796933408e-01 1.3654954213299360e+00 0.0000000000000000e+00 0.0000000000000000e+00 0.0000000000000000e+00 1.0000000000000000e+00</transform>
        <orientation>1</orientation>
      </camera>
      <camera id="5" label="IMG_9510.JPG" sensor_id="1" enabled="true">
        <transform>7.3748337578128076e-01 4.8438204442689825e-01 -4.7062969039688141e-01 6.0355210520714477e+00 -4.9459332340961271e-01 8.6187462465686204e-01 1.1202488924889514e-01 -1.6496549929037363e+00 4.5988663264426410e-01 1.5015380917383137e-01 8.7519033284520931e-01 1.7743160418342543e+00 0.0000000000000000e+00 0.0000000000000000e+00 0.0000000000000000e+00 1.0000000000000000e+00</transform>
        <orientation>1</orientation>
      </camera>
      <camera id="6" label="IMG_9511.JPG" sensor_id="1" enabled="true">
        <transform>6.2775017411706469e-01 5.5711679818244186e-01 -5.4364564937000959e-01 6.9518469275356694e+00 -5.7095171168416248e-01 8.0425240878325011e-01 1.6490059396880541e-01 -2.3587075435231792e+00 5.2909721396064813e-01 2.0687903748152997e-01 8.2295637917801923e-01 2.4667266031010606e+00 0.0000000000000000e+00 0.0000000000000000e+00 0.0000000000000000e+00 1.0000000000000000e+00</transform>
        <orientation>1</orientation>
      </camera>
      <camera id="7" label="IMG_9512.JPG" sensor_id="1" enabled="true">
        <transform>5.0992444736294107e-01 6.1399942870013435e-01 -6.0247967562193139e-01 7.6827936838591091e+00 -6.3195104072659991e-01 7.4256382925830833e-01 2.2189376197136573e-01 -3.1175832844747688e+00 5.8362225806266699e-01 2.6758860407937124e-01 7.6666902823883987e-01 3.2068250859790339e+00 0.0000000000000000e+00 0.0000000000000000e+00 0.0000000000000000e+00 1.0000000000000000e+00</transform>
        <orientation>1</orientation>
      </camera>
      <camera id="8" label="IMG_9513.JPG" sensor_id="1" enabled="true">
        <transform>3.5742854600311097e-01 6.6485568091133418e-01 -6.5590529656500562e-01 8.3210647228465362e+00 -6.8784174537093712e-01 6.6246449744032376e-01 2.9667241691165358e-01 -4.1011317191788370e+00 6.3175831441079167e-01 3.4511985337135453e-01 6.9409921407661157e-01 4.1698952603756787e+00 0.0000000000000000e+00 0.0000000000000000e+00 0.0000000000000000e+00 1.0000000000000000e+00</transform>
        <orientation>1</orientation>
      </camera>
      <camera id="9" label="IMG_9514.JPG" sensor_id="1" enabled="true">
        <transform>1.8142969958798802e-01 6.9634073441552402e-01 -6.9440106977240534e-01 8.9519375697977601e+00 -7.2524940208669564e-01 5.7162909232184544e-01 3.8373621875474995e-01 -5.0630139634282436e+00 6.6415101361083739e-01 4.3399281377109411e-01 6.0873119577917612e-01 5.1267384760159231e+00 0.0000000000000000e+00 0.0000000000000000e+00 0.0000000000000000e+00 1.0000000000000000e+00</transform>
        <orientation>1</orientation>
      </camera>
      <camera id="10" label="IMG_9515.JPG" sensor_id="1" enabled="true">
        <transform>-3.5840147038671603e-02 7.0482897551707957e-01 -7.0847131143878384e-01 9.1136955455612014e+00 -7.4057290432922840e-01 4.5727775111147034e-01 4.9239093382373278e-01 -6.5102222428509222e+00 6.7101956546260089e-01 5.4232202021490894e-01 5.0558833961673011e-01 6.4974426808224433e+00 0.0000000000000000e+00 0.0000000000000000e+00 0.0000000000000000e+00 1.0000000000000000e+00</transform>
        <orientation>1</orientation>
      </camera>
      <camera id="11" label="IMG_9516.JPG" sensor_id="1" enabled="true">
        <transform>-2.5681678679357273e-01 6.7718356413708169e-01 -6.8954155674884710e-01 8.8333815398107500e+00 -7.2000593853505002e-01 3.4187736198791685e-01 6.0391333636080990e-01 -7.9859827630385034e+00 6.4469883394906680e-01 6.5156909827184240e-01 3.9977634207382984e-01 7.9008953419528227e+00 0.0000000000000000e+00 0.0000000000000000e+00 0.0000000000000000e+00 1.0000000000000000e+00</transform>
        <orientation>1</orientation>
      </camera>
      <camera id="12" label="IMG_9517.JPG" sensor_id="1" enabled="true">
        <transform>-4.8234959540811517e-01 6.0772088643690547e-01 -6.3088365963778892e-01 8.0257750361596862e+00 -6.5760745749790717e-01 2.2457355393465006e-01 7.1910997122575038e-01 -9.5033627151489437e+00 5.7869793472308673e-01 7.6173620306606338e-01 2.9131882411840693e-01 9.3369073137134073e+00 0.0000000000000000e+00 0.0000000000000000e+00 0.0000000000000000e+00 1.0000000000000000e+00</transform>
        <orientation>1</orientation>
      </camera>
      <camera id="13" label="IMG_9518.JPG" sensor_id="1" enabled="true">
        <transform>-6.0351326089032098e-01 5.4878731923733415e-01 -5.7844984412983591e-01 7.3115895378844638e+00 -6.0234561931833996e-01 1.6155579603187398e-01 7.8171572816242652e-01 -1.0321144127139830e+01 5.2244760389682787e-01 8.2020253779954100e-01 2.3305857240113559e-01 1.0106228545295139e+01 0.0000000000000000e+00 0.0000000000000000e+00 0.0000000000000000e+00 1.0000000000000000e+00</transform>
        <orientation>1</orientation>
      </camera>
      <camera id="14" label="IMG_9519.JPG" sensor_id="1" enabled="true">
        <transform>-7.6808190306164248e-01 4.3452077058396155e-01 -4.7036357227183950e-01 5.8449722253621061e+00 -4.9057634071687495e-01 7.2810924923093712e-02 8.6835097923632487e-01 -1.1281898381248174e+01 4.1156414338234854e-01 8.9771391274891355e-01 1.5724085581994840e-01 1.0922988431991834e+01 0.0000000000000000e+00 0.0000000000000000e+00 0.0000000000000000e+00 1.0000000000000000e+00</transform>
        <orientation>1</orientation>
      </camera>
      <camera id="15" label="IMG_9520.JPG" sensor_id="1" enabled="true">
        <transform>-8.8261431141749980e-01 3.0872607116626333e-01 -3.5451401984019748e-01 4.3432830018930089e+00 -3.6892130338362378e-01 1.2508702573813313e-02 9.2937645992872475e-01 -1.2077530803771211e+01 2.9135725354063324e-01 9.5106873849483853e-01 1.0285526465425099e-01 1.1632907451406211e+01 0.0000000000000000e+00 0.0000000000000000e+00 0.0000000000000000e+00 1.0000000000000000e+00</transform>
        <orientation>1</orientation>
      </camera>
      <camera id="16" label="IMG_9521.JPG" sensor_id="1" enabled="true">
        <transform>-9.6506048732705640e-01 1.5527082903173106e-01 -2.1106687435943955e-01 2.4874624095828763e+00 -2.1813022724531306e-01 -2.9756532903905786e-02 9.7546591570974261e-01 -1.2675424175277573e+01 1.4518078303264725e-01 9.8742367725376001e-01 6.2586115366666251e-02 1.2159720336614608e+01 0.0000000000000000e+00 0.0000000000000000e+00 0.0000000000000000e+00 1.0000000000000000e+00</transform>
        <orientation>1</orientation>
      </camera>
      <camera id="17" label="IMG_9522.JPG" sensor_id="1" enabled="true">
        <transform>-9.9815023106226053e-01 -6.0058396746229856e-02 -9.4395556372271414e-03 -1.2953568580798425e-01 -6.6981105014375271e-03 -4.5684989714495972e-02 9.9893343973985405e-01 -1.2989768428064359e+01 -6.0425586849168385e-02 9.9714887087889659e-01 4.5198205261655522e-02 1.2393931424839847e+01 0.0000000000000000e+00 0.0000000000000000e+00 0.0000000000000000e+00 1.0000000000000000e+00</transform>
        <orientation>1</orientation>
      </camera>
      <camera id="18" label="IMG_9523.JPG" sensor_id="1" enabled="true">
        <transform>-9.5244575888987393e-01 -2.5056194790899228e-01 1.7339488640886586e-01 -2.5028432254540491e+00 1.8438776385495470e-01 -2.0897367369359210e-02 9.8263139201716909e-01 -1.2789127484803551e+01 -2.4258653901909211e-01 9.6787499724762049e-01 6.6104166204990489e-02 1.2127627981076913e+01 0.0000000000000000e+00 0.0000000000000000e+00 0.0000000000000000e+00 1.0000000000000000e+00</transform>
        <orientation>1</orientation>
      </camera>
      <camera id="19" label="IMG_9524.JPG" sensor_id="1" enabled="true">
        <transform>-8.5393641393416275e-01 -4.0598954669913628e-01 3.2552279325462319e-01 -4.4845088043439407e+00 3.4341247929068591e-01 3.0331140311732452e-02 9.3869478053029287e-01 -1.2228082698532782e+01 -3.9097374595321166e-01 9.1337424416195379e-01 1.1352101160971784e-01 1.1520119044627418e+01 0.0000000000000000e+00 0.0000000000000000e+00 0.0000000000000000e+00 1.0000000000000000e+00</transform>
        <orientation>1</orientation>
      </camera>
      <camera id="20" label="IMG_9525.JPG" sensor_id="1" enabled="true">
        <transform>-6.8622623170430685e-01 -5.5330111626907885e-01 4.7217733284889712e-01 -6.3941897167309625e+00 4.9664952459550155e-01 1.1786784709539899e-01 8.5991070486426524e-01 -1.1213881421911257e+01 -5.3144407856327580e-01 8.2459993048537561e-01 1.9391272780182300e-01 1.0482522631358286e+01 0.0000000000000000e+00 0.0000000000000000e+00 0.0000000000000000e+00 1.0000000000000000e+00</transform>
        <orientation>1</orientation>
      </camera>
      <camera id="21" label="IMG_9526.JPG" sensor_id="1" enabled="true">
        <transform>-5.0872189487241126e-01 -6.4741619428927022e-01 5.6749828638456801e-01 -7.6416965072075671e+00 5.9659211771916731e-01 2.1014637308908579e-01 7.7454266954949735e-01 -1.0110754624647495e+01 -6.2070917405237569e-01 7.3259181898892411e-01 2.7933733727827503e-01 9.3774548226853174e+00 0.0000000000000000e+00 0.0000000000000000e+00 0.0000000000000000e+00 1.0000000000000000e+00</transform>
        <orientation>1</orientation>
      </camera>
      <camera id="22" label="IMG_9527.JPG" sensor_id="1" enabled="true">
        <transform>-3.3661834340558255e-01 -7.0352696174650009e-01 6.2588969074320100e-01 -8.4131852261478670e+00 6.5795724281546941e-01 2.9976941457375011e-01 6.9081876401323716e-01 -9.0277254946906211e+00 -6.7363221234554005e-01 6.4435092316365139e-01 3.6198277625959446e-01 8.3042030543296477e+00 0.0000000000000000e+00 0.0000000000000000e+00 0.0000000000000000e+00 1.0000000000000000e+00</transform>
        <orientation>1</orientation>
      </camera>
      <camera id="23" label="IMG_9528.JPG" sensor_id="1" enabled="true">
        <transform>-1.7949335642308528e-01 -7.3182070543301203e-01 6.5743485616409458e-01 -8.8301607169009824e+00 6.9131414171318595e-01 3.8162821413526971e-01 6.1355086475636667e-01 -8.0252046166125659e+00 -6.9990491673322031e-01 5.6462231737281965e-01 4.3741827380347353e-01 7.3260567713635307e+00 0.0000000000000000e+00 0.0000000000000000e+00 0.0000000000000000e+00 1.0000000000000000e+00</transform>
        <orientation>1</orientation>
      </camera>
      <camera id="24" label="IMG_9529.JPG" sensor_id="1" enabled="true">
        <transform>1.6182563447053242e-02 -7.4056225025215849e-01 6.7179288336639986e-01 -9.0324485285990050e+00 7.0690799689397710e-01 4.8363680419500954e-01 5.1611677511526666e-01 -6.7602975815534192e+00 -7.0712036356452568e-01 4.6654366904877953e-01 5.3133586017026535e-01 6.1016045999241726e+00 0.0000000000000000e+00 0.0000000000000000e+00 0.0000000000000000e+00 1.0000000000000000e+00</transform>
        <orientation>1</orientation>
      </camera>
      <camera id="25" label="IMG_9530.JPG" sensor_id="1" enabled="true">
        <transform>2.4951960786336558e-01 -7.1460647244938547e-01 6.5351170978426842e-01 -8.7969848959379267e+00 6.8875737856115804e-01 6.0534580696327833e-01 3.9896080944065049e-01 -5.2356604976758865e+00 -6.8070054999924445e-01 3.5056246736555097e-01 6.4323612904228489e-01 4.6566137160927763e+00 0.0000000000000000e+00 0.0000000000000000e+00 0.0000000000000000e+00 1.0000000000000000e+00</transform>
        <orientation>1</orientation>
      </camera>
      <camera id="26" label="IMG_9531.JPG" sensor_id="1" enabled="true">
        <transform>4.6143436369297552e-01 -6.5248254928944427e-01 6.0111966435644648e-01 -8.1233584985158434e+00 6.3399002557433259e-01 7.1648610450118944e-01 2.9104004798131777e-01 -3.8316087399000791e+00 -6.2059243910598516e-01 2.4680799202914530e-01 7.4427873783618559e-01 3.3396239216111852e+00 0.0000000000000000e+00 0.0000000000000000e+00 0.0000000000000000e+00 1.0000000000000000e+00</transform>
        <orientation>1</orientation>
      </camera>
      <camera id="27" label="IMG_9532.JPG" sensor_id="1" enabled="true">
        <transform>6.3061465936644912e-01 -5.6965484589546855e-01 5.2708491530297796e-01 -7.1675604168387848e+00 5.5682107899509126e-01 8.0518577339462705e-01 2.0402489139719873e-01 -2.6983022994714116e+00 -5.4062504324058080e-01 1.6483090387031921e-01 8.2495777816226079e-01 2.2929535373083509e+00 0.0000000000000000e+00 0.0000000000000000e+00 0.0000000000000000e+00 1.0000000000000000e+00</transform>
        <orientation>1</orientation>
      </camera>
      <camera id="28" label="IMG_9533.JPG" sensor_id="1" enabled="true">
        <transform>7.5960520920281871e-01 -4.7627522475348238e-01 4.4290161033570646e-01 -6.0772892457919490e+00 4.6820989829743054e-01 8.7310621061498361e-01 1.3588611452923971e-01 -1.8087247315019301e+00 -4.5141933641377380e-01 1.0415111747630799e-01 8.8621280031388872e-01 1.4948205778696961e+00 0.0000000000000000e+00 0.0000000000000000e+00 0.0000000000000000e+00 1.0000000000000000e+00</transform>
        <orientation>1</orientation>
      </camera>
      <camera id="29" label="IMG_9534.JPG" sensor_id="1" enabled="true">
        <transform>9.0133961753783598e-01 -3.1603280356116054e-01 2.9615901291370555e-01 -4.1735177845191851e+00 3.1284368023593839e-01 9.4794309524863218e-01 5.9436688222649858e-02 -8.1190028745486276e-01 -2.9952583460059229e-01 3.9078833704647639e-02 9.5328753226038943e-01 6.2255169820433931e-01 0.0000000000000000e+00 0.0000000000000000e+00 0.0000000000000000e+00 1.0000000000000000e+00</transform>
        <orientation>1</orientation>
      </camera>
      <camera id="30" label="IMG_9535.JPG" sensor_id="1" enabled="true">
        <transform>9.7622897069162029e-01 -1.5792925131634181e-01 1.4844308121646932e-01 -2.2595084393554248e+00 1.5730131628463431e-01 9.8742044477949054e-01 1.6036244154870732e-02 -2.4428547778912033e-01 -1.4910832531250895e-01 7.6952459436285311e-03 9.8879092355885123e-01 1.5968304400551520e-01 0.0000000000000000e+00 0.0000000000000000e+00 0.0000000000000000e+00 1.0000000000000000e+00</transform>
        <orientation>1</orientation>
      </camera>
      <camera id="31" label="IMG_9536.JPG" sensor_id="1" enabled="true">
        <transform>9.9839697330805255e-01 -4.1277310605087096e-02 3.8725538324613097e-02 -8.3754748730736683e-01 4.1297203694727537e-02 9.9914686554190557e-01 2.8643460233790331e-04 -3.6348360210884723e-02 -3.8704323483508864e-02 1.3132810043546663e-03 9.9924984395129501e-01 1.8150153983823039e-02 0.0000000000000000e+00 0.0000000000000000e+00 0.0000000000000000e+00 1.0000000000000000e+00</transform>
        <orientation>1</orientation>
      </camera>
      <camera id="32" label="IMG_9537.JPG" sensor_id="1" enabled="true">
        <transform>9.8611796075436053e-01 1.1985601824068358e-01 -1.1491693682460528e-01 1.1594053124091745e+00 -1.2060012057318366e-01 9.9270105256426344e-01 4.8078637367948360e-04 -3.3675132717631152e-02 1.1413578928362024e-01 1.3384884358577029e-02 9.9337498784462686e-01 8.3865229627280019e-02 0.0000000000000000e+00 0.0000000000000000e+00 0.0000000000000000e+00 1.0000000000000000e+00</transform>
        <orientation>1</orientation>
      </camera>
      <camera id="33" label="IMG_9538.JPG" sensor_id="1" enabled="true">
        <transform>9.3793665813004612e-01 2.4970542225792519e-01 -2.4066995539707955e-01 2.7911514999298230e+00 -2.5241118768197540e-01 9.6741257234586908e-01 2.0037644575229323e-02 -2.8193071218047677e-01 2.3783064913676619e-01 4.1953747891456686e-02 9.7040015734182794e-01 3.7973599819910542e-01 0.0000000000000000e+00 0.0000000000000000e+00 0.0000000000000000e+00 1.0000000000000000e+00</transform>
        <orientation>1</orientation>
      </camera>
      <camera id="34" label="IMG_9539.JPG" sensor_id="2" enabled="true">
        <transform>9.9973087951025930e-01 2.1862115912719443e-02 -7.7599253516543332e-03 2.1003381266681309e-01 2.2776367738948936e-02 -9.8851830673336194e-01 1.4937467765865506e-01 -3.0275124524167265e+00 -4.4051817515960105e-03 -1.4951122078568471e-01 -9.8875021579411537e-01 2.4392499323632254e+01 0.0000000000000000e+00 0.0000000000000000e+00 0.0000000000000000e+00 1.0000000000000000e+00</transform>
        <orientation>1</orientation>
      </camera>
      <camera id="35" label="IMG_9540.JPG" sensor_id="2" enabled="true">
        <transform>9.6317373010630047e-01 2.0021483215384481e-01 -1.7947252329736549e-01 2.3733018774449466e+00 2.2551989974779937e-01 -9.6501355823798163e-01 1.3375203637557137e-01 -2.7893610261765778e+00 -1.4641427679996974e-01 -1.6930107324667909e-01 -9.7462813736658782e-01 2.4187672028030899e+01 0.0000000000000000e+00 0.0000000000000000e+00 0.0000000000000000e+00 1.0000000000000000e+00</transform>
        <orientation>1</orientation>
      </camera>
      <camera id="36" label="IMG_9541.JPG" sensor_id="2" enabled="true">
        <transform>8.8361499847470526e-01 3.4366744695555146e-01 -3.1798934003139140e-01 4.1078970389359082e+00 3.8957026883218498e-01 -9.1637544714875863e-01 9.2146869208518972e-02 -2.2331467868778803e+00 -2.5972974437396606e-01 -2.0530154837693257e-01 -9.4360570903395247e-01 2.3774283113390574e+01 0.0000000000000000e+00 0.0000000000000000e+00 0.0000000000000000e+00 1.0000000000000000e+00</transform>
        <orientation>1</orientation>
      </camera>
      <camera id="37" label="IMG_9542.JPG" sensor_id="2" enabled="true">
        <transform>7.8265470569769580e-01 4.5302551361095533e-01 -4.2687175552709311e-01 5.4689591740945840e+00 5.1607770232574801e-01 -8.5569446381319292e-01 3.8089234195882282e-02 -1.5239540019374078e+00 -3.4801640307811477e-01 -2.5010971316000952e-01 -9.0350966490214635e-01 2.3250171111245713e+01 0.0000000000000000e+00 0.0000000000000000e+00 0.0000000000000000e+00 1.0000000000000000e+00</transform>
        <orientation>1</orientation>
      </camera>
      <camera id="38" label="IMG_9543.JPG" sensor_id="2" enabled="true">
        <transform>6.4358801338747829e-01 5.5463374876138971e-01 -5.2742380848691972e-01 6.7091158388299998e+00 6.3420763825688353e-01 -7.7222007908438273e-01 -3.8168325029216577e-02 -5.4123611795198789e-01 -4.2845669629565303e-01 -3.0993153146105912e-01 -8.4874454649536168e-01 2.2538858879109764e+01 0.0000000000000000e+00 0.0000000000000000e+00 0.0000000000000000e+00 1.0000000000000000e+00</transform>
        <orientation>1</orientation>
      </camera>
      <camera id="39" label="IMG_9544.JPG" sensor_id="2" enabled="true">
        <transform>4.7689261580769660e-01 6.3445734804924037e-01 -6.0830691800637671e-01 7.7026184107456164e+00 7.2847184964161205e-01 -6.7255645475021708e-01 -1.3037093024730401e-01 6.4196586467915029e-01 -4.9183553884181674e-01 -3.8096153175897424e-01 -7.8292152483632460e-01 2.1696311574567716e+01 0.0000000000000000e+00 0.0000000000000000e+00 0.0000000000000000e+00 1.0000000000000000e+00</transform>
        <orientation>1</orientation>
      </camera>
      <camera id="40" label="IMG_9545.JPG" sensor_id="2" enabled="true">
        <transform>2.9782223186755430e-01 6.8668650992238078e-01 -6.6314670721948721e-01 8.3618630783317531e+00 7.9178610163770824e-01 -5.6574521041739534e-01 -2.3023276513810462e-01 1.9184882328826109e+00 -5.3326980737595586e-01 -4.5650191016073183e-01 -7.1220033597353338e-01 2.0795121456133952e+01 0.0000000000000000e+00 0.0000000000000000e+00 0.0000000000000000e+00 1.0000000000000000e+00</transform>
        <orientation>1</orientation>
      </camera>
      <camera id="41" label="IMG_9546.JPG" sensor_id="2" enabled="true">
        <transform>7.0400375103351065e-02 7.1345865433573497e-01 -6.9715173078659787e-01 8.9550058301616726e+00 8.2845418464432419e-01 -4.3109559373294681e-01 -3.5751958409204093e-01 3.5561985236136748e+00 -5.5561448067037900e-01 -5.5238875587531644e-01 -6.2141709925934996e-01 1.9621486278182417e+01 0.0000000000000000e+00 0.0000000000000000e+00 0.0000000000000000e+00 1.0000000000000000e+00</transform>
        <orientation>1</orientation>
      </camera>
      <camera id="42" label="IMG_9547.JPG" sensor_id="2" enabled="true">
        <transform>-2.2077966297063434e-01 6.9405233817804357e-01 -6.8523550133378497e-01 8.7342559741278674e+00 8.1257062186340556e-01 -2.5768514176788226e-01 -5.2280718453038189e-01 5.6946115191992055e+00 -5.3943055614517377e-01 -6.7222743144092023e-01 -5.0707490128703037e-01 1.8145975410797252e+01 0.0000000000000000e+00 0.0000000000000000e+00 0.0000000000000000e+00 1.0000000000000000e+00</transform>
        <orientation>1</orientation>
      </camera>
      <camera id="43" label="IMG_9548.JPG" sensor_id="2" enabled="true">
        <transform>-4.7169934316677642e-01 6.2312170672306078e-01 -6.2387424074613906e-01 7.8807849656850024e+00 7.3706761813169552e-01 -1.0970504835239503e-01 -6.6685540311799818e-01 7.5420783862886838e+00 -4.8397423067525080e-01 -7.7439275627845239e-01 -4.0753503293061888e-01 1.6872584388772808e+01 0.0000000000000000e+00 0.0000000000000000e+00 0.0000000000000000e+00 1.0000000000000000e+00</transform>
        <orientation>1</orientation>
      </camera>
      <camera id="44" label="IMG_9549.JPG" sensor_id="2" enabled="true">
        <transform>-7.4082563090090203e-01 4.6701467233876182e-01 -4.8277808610229977e-01 5.9832467235766167e+00 5.6634909726431348e-01 4.7853246137598782e-02 -8.2277504025218928e-01 9.5082047883370464e+00 -3.6114551724779564e-01 -8.8295377152737353e-01 -2.9994424934878960e-01 1.5507940123641273e+01 0.0000000000000000e+00 0.0000000000000000e+00 0.0000000000000000e+00 1.0000000000000000e+00</transform>
        <orientation>1</orientation>
      </camera>
      <camera id="45" label="IMG_9550.JPG" sensor_id="2" enabled="true">
        <transform>-8.8246563292150404e-01 3.1808904356073059e-01 -3.4651661876318268e-01 4.1831116600912512e+00 4.0260662034497846e-01 1.2984352142781574e-01 -9.0611730432522863e-01 1.0551313177359109e+01 -2.4323304867316792e-01 -9.3912726523610424e-01 -2.4264720011430641e-01 1.4797352529615138e+01 0.0000000000000000e+00 0.0000000000000000e+00 0.0000000000000000e+00 1.0000000000000000e+00</transform>
        <orientation>1</orientation>
      </camera>
      <camera id="46" label="IMG_9551.JPG" sensor_id="2" enabled="true">
        <transform>-9.6562087014770015e-01 1.6359682813381246e-01 -2.0202082308453800e-01 2.2960235845031267e+00 2.3018287292049230e-01 1.7696780412535995e-01 -9.5692123046628952e-01 1.1158341067079498e+01 -1.2079809662932139e-01 -9.7052484467302791e-01 -2.0854099290817807e-01 1.4386556419056317e+01 0.0000000000000000e+00 0.0000000000000000e+00 0.0000000000000000e+00 1.0000000000000000e+00</transform>
        <orientation>1</orientation>
      </camera>
      <camera id="47" label="IMG_9552.JPG" sensor_id="2" enabled="true">
        <transform>-9.9880254082785402e-01 -8.2947336746048636e-04 -4.8916218269155542e-02 3.0625585186852788e-01 4.7815535072617502e-02 1.9501066166512993e-01 -9.7963488935554344e-01 1.1406499844360495e+01 1.0351765141379459e-02 -9.8080077172219904e-01 -1.9473748264675894e-01 1.4239751253159147e+01 0.0000000000000000e+00 0.0000000000000000e+00 0.0000000000000000e+00 1.0000000000000000e+00</transform>
        <orientation>1</orientation>
      </camera>
      <camera id="48" label="IMG_9553.JPG" sensor_id="2" enabled="true">
        <transform>-9.6685034364702194e-01 -2.0794520770306862e-01 1.4818638123310521e-01 -2.2341009047894582e+00 -1.8579081615357967e-01 1.7479610958875058e-01 -9.6691679719902701e-01 1.1191399166923606e+01 1.7516331129155530e-01 -9.6239550636210114e-01 -2.0763598847842479e-01 1.4448878944265282e+01 0.0000000000000000e+00 0.0000000000000000e+00 0.0000000000000000e+00 1.0000000000000000e+00</transform>
        <orientation>1</orientation>
      </camera>
      <camera id="49" label="IMG_9554.JPG" sensor_id="2" enabled="true">
        <transform>-8.8610298867545800e-01 -3.5713998980198480e-01 2.9541922947678828e-01 -4.1190268736302498e+00 -3.5899796557375119e-01 1.2570820069528710e-01 -9.2483398996352928e-01 1.0612757912352000e+01 2.9315858195578864e-01 -9.2555306490886402e-01 -2.3960294210105082e-01 1.4892179540892810e+01 0.0000000000000000e+00 0.0000000000000000e+00 0.0000000000000000e+00 1.0000000000000000e+00</transform>
        <orientation>1</orientation>
      </camera>
      <camera id="50" label="IMG_9555.JPG" sensor_id="2" enabled="true">
        <transform>-7.3780064853326610e-01 -5.0850178075539532e-01 4.4393258721621653e-01 -6.0057469810243598e+00 -5.3356682831926228e-01 3.6491719163111114e-02 -8.4497029187412476e-01 9.5395923869976578e+00 4.1346903480335118e-01 -8.6028733188459328e-01 -2.9824329641699043e-01 1.5678364207348480e+01 0.0000000000000000e+00 0.0000000000000000e+00 0.0000000000000000e+00 1.0000000000000000e+00</transform>
        <orientation>1</orientation>
      </camera>
      <camera id="51" label="IMG_9556.JPG" sensor_id="2" enabled="true">
        <transform>-7.3790704809892138e-01 -5.0825476517280910e-01 4.4403860422835845e-01 -6.0095222299997051e+00 -5.3361480193617217e-01 3.6542952729474054e-02 -8.4493778218306193e-01 9.5381830178900042e+00 4.1321717234470762e-01 -8.6043111652528248e-01 -2.9817756822822861e-01 1.5676639998917908e+01 0.0000000000000000e+00 0.0000000000000000e+00 0.0000000000000000e+00 1.0000000000000000e+00</transform>
        <orientation>1</orientation>
      </camera>
      <camera id="52" label="IMG_9557.JPG" sensor_id="2" enabled="true">
        <transform>-5.3621458346839679e-01 -6.2805618672545194e-01 5.6393204093374383e-01 -7.5107322983334024e+00 -6.7409605420298324e-01 -8.3459422248787218e-02 -7.3391350617485385e-01 8.0690434580443480e+00 5.0800436039839481e-01 -7.7367948864745184e-01 -3.7861803795175297e-01 1.6738899691466496e+01 0.0000000000000000e+00 0.0000000000000000e+00 0.0000000000000000e+00 1.0000000000000000e+00</transform>
        <orientation>1</orientation>
      </camera>
      <camera id="53" label="IMG_9558.JPG" sensor_id="2" enabled="true">
        <transform>-2.9255754946261692e-01 -7.0647892374074583e-01 6.4443588553287867e-01 -8.3006398627635694e+00 -7.6889950195682366e-01 -2.2686505130631218e-01 -5.9776734971586765e-01 6.5745612304391656e+00 5.6851001410966950e-01 -6.7038778241097241e-01 -4.7684020913836722e-01 1.7815786997523599e+01 0.0000000000000000e+00 0.0000000000000000e+00 0.0000000000000000e+00 1.0000000000000000e+00</transform>
        <orientation>1</orientation>
      </camera>
      <camera id="54" label="IMG_9559.JPG" sensor_id="2" enabled="true">
        <transform>6.6559395575024327e-03 -7.3403151729377547e-01 6.7908278588696747e-01 -8.7909545868721626e+00 -8.0702908578052135e-01 -4.0494166566138878e-01 -4.2979797825913046e-01 4.4259356723890155e+00 5.9047417655039158e-01 -5.4517885049841930e-01 -5.9508005158664101e-01 1.9326317028165214e+01 0.0000000000000000e+00 0.0000000000000000e+00 0.0000000000000000e+00 1.0000000000000000e+00</transform>
        <orientation>1</orientation>
      </camera>
      <camera id="55" label="IMG_9560.JPG" sensor_id="2" enabled="true">
        <transform>2.4118627621505673e-01 -7.1008577942960049e-01 6.6151898386771302e-01 -8.6063627611465954e+00 -7.8403764543356891e-01 -5.4428666375511936e-01 -2.9839068048668527e-01 2.7401271622386183e+00 5.7193893966795095e-01 -4.4668804943738838e-01 -6.8800845618445816e-01 2.0525843693531677e+01 0.0000000000000000e+00 0.0000000000000000e+00 0.0000000000000000e+00 1.0000000000000000e+00</transform>
        <orientation>1</orientation>
      </camera>
      <camera id="56" label="IMG_9561.JPG" sensor_id="2" enabled="true">
        <transform>5.2425733308088041e-01 -6.1965948274087523e-01 5.8410305097665238e-01 -7.6540348893645707e+00 -6.8905893362353798e-01 -7.1171819241764189e-01 -1.3658331001757451e-01 6.5093187794228502e-01 5.0035191086325959e-01 -3.3087662357905440e-01 -8.0010538384915852e-01 2.1971682365236237e+01 0.0000000000000000e+00 0.0000000000000000e+00 0.0000000000000000e+00 1.0000000000000000e+00</transform>
        <orientation>1</orientation>
      </camera>
      <camera id="57" label="IMG_9562.JPG" sensor_id="2" enabled="true">
        <transform>7.1080006195019785e-01 -5.0963974300096959e-01 4.8479955062427671e-01 -6.4062522643613393e+00 -5.6956249060692299e-01 -8.2145491200020970e-01 -2.8467469932654754e-02 -7.5437520440925987e-01 4.1274912625617244e-01 -2.5588896010698370e-01 -8.7416188367494774e-01 2.2929587691346647e+01 0.0000000000000000e+00 0.0000000000000000e+00 0.0000000000000000e+00 1.0000000000000000e+00</transform>
        <orientation>1</orientation>
      </camera>
      <camera id="58" label="IMG_9563.JPG" sensor_id="2" enabled="true">
        <transform>8.9348579810021134e-01 -3.2127809364010440e-01 3.1378896593125960e-01 -4.2376386499114318e+00 -3.6223322620175924e-01 -9.2858964760644791e-01 8.0674383750965833e-02 -2.1849144187612284e+00 2.6546227307979953e-01 -1.8574620562776847e-01 -9.4605926276644681e-01 2.3863104481619949e+01 0.0000000000000000e+00 0.0000000000000000e+00 0.0000000000000000e+00 1.0000000000000000e+00</transform>
        <orientation>1</orientation>
      </camera>
      <camera id="59" label="IMG_9564.JPG" sensor_id="2" enabled="true">
        <transform>9.7850678448660422e-01 -1.4369971578050747e-01 1.4790153615932225e-01 -2.1302782983275810e+00 -1.6355420268722573e-01 -9.7763629474198221e-01 1.3220173216154871e-01 -2.8754948552873336e+00 1.2559655846014181e-01 -1.5355020966371016e-01 -9.8012643960623713e-01 2.4333749455074297e+01 0.0000000000000000e+00 0.0000000000000000e+00 0.0000000000000000e+00 1.0000000000000000e+00</transform>
        <orientation>1</orientation>
      </camera>
      <camera id="60" label="IMG_9565.JPG" sensor_id="2" enabled="true">
        <transform>9.9979782203487155e-01 -8.1784223369782243e-03 1.8369225960942748e-02 -4.7417596955515862e-01 -1.0788242074419179e-02 -9.8910631690776085e-01 1.4680704235869554e-01 -3.0848707251167471e+00 1.6968467440222439e-02 -1.4697553286599138e-01 -9.8899457220527154e-01 2.4473094140448822e+01 0.0000000000000000e+00 0.0000000000000000e+00 0.0000000000000000e+00 1.0000000000000000e+00</transform>
        <orientation>1</orientation>
      </camera>
      <camera id="61" label="IMG_9566.JPG" sensor_id="2" enabled="true">
        <transform>9.8318577780557315e-01 1.3784377637442280e-01 -1.1976986113245641e-01 1.2932978671744308e+00 1.5433767093002126e-01 -9.7782304463080072e-01 1.4156968856661228e-01 -3.0425550742038703e+00 -9.7599229775373941e-02 -1.5767430578185287e-01 -9.8265619808937477e-01 2.4403560323420802e+01 0.0000000000000000e+00 0.0000000000000000e+00 0.0000000000000000e+00 1.0000000000000000e+00</transform>
        <orientation>1</orientation>
      </camera>
    </cameras>
    <transform>
      <rotation>1.0000000000000000e+00 8.1852022636483798e-34 0.0000000000000000e+00 2.9803765889392781e-32 1.0000000000000000e+00 0.0000000000000000e+00 9.8607613152626476e-32 1.9721522630525295e-31 1.0000000000000000e+00</rotation>
      <translation>1.6940658945086011e-21 2.7105054312137617e-20 0.0000000000000000e+00</translation>
      <scale>3.0799796615786168e-01</scale>
    </transform>
    <region>
      <center>-1.6641019340773000e-01 -6.5744958817692112e-01 1.2378053809803596e+01</center>
      <size>8.7474431991577148e+00 8.9882125854492188e+00 3.4826490879058838e+00</size>
      <R>-7.3044326273862314e-01 3.2481165071946771e-01 -6.0079117127055848e-01 6.5651412489397687e-01 5.7640836442090493e-01 -4.8656202198724158e-01 1.8826004285150452e-01 -7.4983384091578054e-01 -6.3427704300489851e-01</R>
    </region>
    <settings>
      <property name="accuracy_tiepoints" value="4.0000000000000000e+00"/>
      <property name="accuracy_cameras" value="1.0000000000000000e+01"/>
      <property name="accuracy_markers" value="5.0000000000000001e-03"/>
      <property name="accuracy_scalebars" value="1.0000000000000000e-03"/>
      <property name="accuracy_projections" value="1.0000000000000001e-01"/>
    </settings>
  </chunk>
</document>
