# Bundle file v0.3
62 10567
1.1232338186e+04 1.9735475126e-01 -3.0966839113e+00
1.0000000000e+00 2.9803765889e-32 9.8607613153e-32
-8.1852022636e-34 -1.0000000000e+00 -1.9721522631e-31
0.0000000000e+00 0.0000000000e+00 -1.0000000000e+00
-1.6940658945e-21 2.7105054312e-20 2.2848559009e-68
1.1431774431e+04 3.2106188298e-02 1.3480725013e+00
9.7807887915e-01 -1.5214443052e-01 1.4217516813e-01
-1.5085320440e-01 -9.8835624252e-01 -1.9880859840e-02
1.4354447705e-01 -2.0025305900e-03 -9.8964184076e-01
-5.7771846325e-01 5.0373812738e-02 -2.0693597279e-02
1.1431774431e+04 3.2106188298e-02 1.3480725013e+00
9.3688657211e-01 -2.5540623199e-01 2.3877019844e-01
-2.5231959144e-01 -9.6664562415e-01 -4.3943840170e-02
2.4202969813e-01 -1.9076005136e-02 -9.7008130136e-01
-9.6796522769e-01 1.3748468952e-01 -9.0887329532e-02
1.1431774431e+04 3.2106188298e-02 1.3480725013e+00
8.7532297152e-01 -3.5357439653e-01 3.2984063069e-01
-3.4824154605e-01 -9.3421386028e-01 -7.7280585259e-02
3.3546612517e-01 -4.7218739653e-02 -9.4086814671e-01
-1.3380148666e+00 2.6253701694e-01 -2.0023342043e-01
1.1431774431e+04 3.2106188298e-02 1.3480725013e+00
8.0148004288e-01 -4.3779629862e-01 4.0738696810e-01
-4.2977877023e-01 -8.9536533007e-01 -1.1666676634e-01
4.1583644564e-01 -8.1580185274e-02 -9.0577299797e-01
-1.6549697772e+00 4.1321509302e-01 -3.3325322863e-01
1.1431774431e+04 3.2106188298e-02 1.3480725013e+00
7.3748337578e-01 -4.9459332341e-01 4.5988663264e-01
-4.8438204443e-01 -8.6187462466e-01 -1.5015380917e-01
4.7062969040e-01 -1.1202488925e-01 -8.7519033285e-01
-1.8735482449e+00 5.4457815268e-01 -4.5350654633e-01
1.1431774431e+04 3.2106188298e-02 1.3480725013e+00
6.2775017412e-01 -5.7095171168e-01 5.2909721396e-01
-5.5711679818e-01 -8.0425240878e-01 -2.0687903748e-01
5.4364564937e-01 -1.6490059397e-01 -8.2295637918e-01
-2.1608735066e+00 7.6577796235e-01 -6.5858749835e-01
1.1431774431e+04 3.2106188298e-02 1.3480725013e+00
5.0992444736e-01 -6.3195104073e-01 5.8362225806e-01
-6.1399942870e-01 -7.4256382926e-01 -2.6758860408e-01
6.0247967562e-01 -2.2189376197e-01 -7.6666902824e-01
-2.3898728960e+00 1.0041769184e+00 -8.8146734337e-01
1.1431774431e+04 3.2106188298e-02 1.3480725013e+00
3.5742854600e-01 -6.8784174537e-01 6.3175831441e-01
-6.6485568091e-01 -6.6246449744e-01 -3.4511985337e-01
6.5590529657e-01 -2.9667241691e-01 -6.9409921408e-01
-2.5962632088e+00 1.3103978689e+00 -1.1642945464e+00
1.1431774431e+04 3.2106188298e-02 1.3480725013e+00
1.8142969959e-01 -7.2524940209e-01 6.6415101361e-01
-6.9634073442e-01 -5.7162909232e-01 -4.3399281377e-01
6.9440106977e-01 -3.8373621875e-01 -6.0873119578e-01
-2.6798976182e+00 1.7138239944e+00 -1.5517834474e+00
1.1431774431e+04 3.2106188298e-02 1.3480725013e+00
-3.5840147039e-02 -7.4057290433e-01 6.7101956546e-01
-7.0482897552e-01 -4.5727775111e-01 -5.4232202021e-01
7.0847131144e-01 -4.9239093382e-01 -5.0558833962e-01
-2.7271892956e+00 2.1468453534e+00 -1.9642062058e+00
1.1431774431e+04 3.2106188298e-02 1.3480725013e+00
-2.5681678679e-01 -7.2000593854e-01 6.4469883395e-01
-6.7718356414e-01 -3.4187736199e-01 -6.5156909827e-01
6.8954155675e-01 -6.0391333636e-01 -3.9977634207e-01
-2.6411110080e+00 2.5870515016e+00 -2.3885963342e+00
1.1431774431e+04 3.2106188298e-02 1.3480725013e+00
-4.8234959541e-01 -6.5760745750e-01 5.7869793472e-01
-6.0772088644e-01 -2.2457355393e-01 -7.6173620307e-01
6.3088365964e-01 -7.1910997123e-01 -2.9131882412e-01
-2.3966867374e+00 3.0354701072e+00 -2.8265824523e+00
1.1431774431e+04 3.2106188298e-02 1.3480725013e+00
-6.0351326089e-01 -6.0234561932e-01 5.2244760390e-01
-5.4878731924e-01 -1.6155579603e-01 -8.2020253780e-01
5.7844984413e-01 -7.8171572816e-01 -2.3305857240e-01
-2.1819283070e+00 3.2753185219e+00 -3.0621913401e+00
1.1431774431e+04 3.2106188298e-02 1.3480725013e+00
-7.6808190306e-01 -4.9057634072e-01 4.1156414338e-01
-4.3452077058e-01 -7.2810924923e-02 -8.9771391275e-01
4.7036357227e-01 -8.6835097924e-01 -1.5724085582e-01
-1.7065321577e+00 3.5493793615e+00 -3.3351157747e+00
1.1431774431e+04 3.2106188298e-02 1.3480725013e+00
-8.8261431142e-01 -3.6892130338e-01 2.9135725354e-01
-3.0872607117e-01 -1.2508702574e-02 -9.5106873849e-01
3.5451401984e-01 -9.2937645993e-01 -1.0285526465e-01
-1.2355482049e+00 3.7740546403e+00 -3.5628655764e+00
1.1431774431e+04 3.2106188298e-02 1.3480725013e+00
-9.6506048733e-01 -2.1813022725e-01 1.4518078303e-01
-1.5527082903e-01 2.9756532904e-02 -9.8742367725e-01
2.1106687436e-01 -9.7546591571e-01 -6.2586115367e-02
-6.5594301921e-01 3.9331964887e+00 -3.7355334686e+00
1.1431774431e+04 3.2106188298e-02 1.3480725013e+00
-9.9815023106e-01 -6.6981105014e-03 -6.0425586849e-02
6.0058396746e-02 4.5684989714e-02 -9.9714887088e-01
9.4395556372e-03 -9.9893343974e-01 -4.5198205262e-02
1.6404205777e-01 3.9915956973e+00 -3.8236431660e+00
1.1431774431e+04 3.2106188298e-02 1.3480725013e+00
-9.5244575889e-01 1.8438776385e-01 -2.4258653902e-01
2.5056194791e-01 2.0897367369e-02 -9.6787499725e-01
-1.7339488641e-01 -9.8263139202e-01 -6.6104166205e-02
8.9822540318e-01 3.8907548222e+00 -3.7573570088e+00
1.1431774431e+04 3.2106188298e-02 1.3480725013e+00
-8.5393641393e-01 3.4341247929e-01 -3.9097374595e-01
4.0598954670e-01 -3.0331140312e-02 -9.1337424416e-01
-3.2552279325e-01 -9.3869478053e-01 -1.1352101161e-01
1.5011374047e+00 3.6873368761e+00 -3.5821616197e+00
1.1431774431e+04 3.2106188298e-02 1.3480725013e+00
-6.8622623170e-01 4.9664952460e-01 -5.3144407856e-01
5.5330111627e-01 -1.1786784710e-01 -8.2459993049e-01
-4.7217733285e-01 -8.5991070486e-01 -1.9391272780e-01
2.0797201518e+00 3.3448713659e+00 -3.2738439198e+00
1.1431774431e+04 3.2106188298e-02 1.3480725013e+00
-5.0872189487e-01 5.9659211772e-01 -6.2070917405e-01
6.4741619429e-01 -2.1014637309e-01 -7.3259181899e-01
-5.6749828638e-01 -7.7454266955e-01 -2.7933733728e-01
2.4532562906e+00 2.9852599207e+00 -2.9408838655e+00
1.1431774431e+04 3.2106188298e-02 1.3480725013e+00
-3.3661834341e-01 6.5795724282e-01 -6.7363221235e-01
7.0352696175e-01 -2.9976941457e-01 -6.4435092316e-01
-6.2588969074e-01 -6.9081876401e-01 -3.6198277626e-01
2.6801378036e+00 2.6375367512e+00 -2.6168337540e+00
1.1431774431e+04 3.2106188298e-02 1.3480725013e+00
-1.7949335642e-01 6.9131414171e-01 -6.9990491673e-01
7.3182070543e-01 -3.8162821414e-01 -5.6462231737e-01
-6.5743485616e-01 -6.1355086476e-01 -4.3741827380e-01
2.7998633380e+00 2.3210434410e+00 -2.3175539707e+00
1.1431774431e+04 3.2106188298e-02 1.3480725013e+00
1.6182563447e-02 7.0690799689e-01 -7.0712036356e-01
7.4056225025e-01 -4.8363680420e-01 -4.6654366905e-01
-6.7179288337e-01 -5.1611677512e-01 -5.3133586017e-01
2.8457920085e+00 1.9299850751e+00 -1.9450183363e+00
1.1431774431e+04 3.2106188298e-02 1.3480725013e+00
2.4951960786e-01 6.8875737856e-01 -6.8070055000e-01
7.1460647245e-01 -6.0534580696e-01 -3.5056246737e-01
-6.5351170978e-01 -3.9896080944e-01 -6.4323612904e-01
2.7630126526e+00 1.4628151530e+00 -1.4914659245e+00
1.1431774431e+04 3.2106188298e-02 1.3480725013e+00
4.6143436369e-01 6.3399002557e-01 -6.2059243911e-01
6.5248254929e-01 -7.1648610450e-01 -2.4680799203e-01
-6.0111966436e-01 -2.9104004798e-01 -7.4427873784e-01
2.5410275226e+00 1.0408178708e+00 -1.0818893787e+00
1.1431774431e+04 3.2106188298e-02 1.3480725013e+00
6.3061465937e-01 5.5682107900e-01 -5.4062504324e-01
5.6965484590e-01 -8.0518577339e-01 -1.6483090387e-01
-5.2708491530e-01 -2.0402489140e-01 -8.2495777816e-01
2.2367022892e+00 7.0480730138e-01 -7.5054298145e-01
1.1431774431e+04 3.2106188298e-02 1.3480725013e+00
7.5960520920e-01 4.6820989830e-01 -4.5141933641e-01
4.7627522475e-01 -8.7310621061e-01 -1.0415111748e-01
-4.4290161034e-01 -1.3588611453e-01 -8.8621280031e-01
1.8904897622e+00 4.5304675585e-01 -4.9670605290e-01
1.1431774431e+04 3.2106188298e-02 1.3480725013e+00
9.0133961754e-01 3.1284368024e-01 -2.9952583460e-01
3.1603280356e-01 -9.4794309525e-01 -3.9078833705e-02
-2.9615901291e-01 -5.9436688223e-02 -9.5328753226e-01
1.2942767886e+00 1.7668668273e-01 -2.1276832128e-01
1.1431774431e+04 3.2106188298e-02 1.3480725013e+00
9.7622897069e-01 1.5730131628e-01 -1.4910832531e-01
1.5792925132e-01 -9.8742044478e-01 -7.6952459436e-03
-1.4844308122e-01 -1.6036244155e-02 -9.8879092356e-01
6.9854988890e-01 3.5992273139e-02 -5.5880893903e-02
1.1431774431e+04 3.2106188298e-02 1.3480725013e+00
9.9839697331e-01 4.1297203695e-02 -3.8704323484e-02
4.1277310605e-02 -9.9914686554e-01 -1.3132810044e-03
-3.8725538325e-02 -2.8643460234e-04 -9.9924984395e-01
2.5822809784e-01 -5.3031278916e-04 -4.4069427639e-03
1.1431774431e+04 3.2106188298e-02 1.3480725013e+00
9.8611796075e-01 -1.2060012057e-01 1.1413578928e-01
-1.1985601824e-01 -9.9270105256e-01 -1.3384884359e-02
1.1491693682e-01 -4.8078637368e-04 -9.9337498784e-01
-3.5633629165e-01 3.2849489502e-02 -1.5381996272e-02
1.1431774431e+04 3.2106188298e-02 1.3480725013e+00
9.3793665813e-01 -2.5241118768e-01 2.3783064914e-01
-2.4970542226e-01 -9.6741257235e-01 -4.1953747891e-02
2.4066995540e-01 -2.0037644575e-02 -9.7040015734e-01
-8.5604912673e-01 1.3556644339e-01 -9.5140467643e-02
1.1192337890e+04 1.2397092114e-01 -9.3520105534e-01
9.9973087951e-01 2.2776367739e-02 -4.4051817516e-03
-2.1862115913e-02 9.8851830673e-01 1.4951122079e-01
7.7599253517e-03 -1.4937467766e-01 9.8875021579e-01
-1.0338924520e-02 -2.0007827706e-01 -7.5681113987e+00
1.1192337890e+04 1.2397092114e-01 -9.3520105534e-01
9.6317373011e-01 2.2551989975e-01 -1.4641427680e-01
-2.0021483215e-01 9.6501355824e-01 1.6930107325e-01
1.7947252330e-01 -1.3375203638e-01 9.7462813737e-01
5.8044523765e-01 -2.8583978785e-01 -7.5068377955e+00
1.1192337890e+04 1.2397092114e-01 -9.3520105534e-01
8.8361499847e-01 3.8957026883e-01 -2.5972974437e-01
-3.4366744696e-01 9.1637544715e-01 2.0530154838e-01
3.1798934003e-01 -9.2146869209e-02 9.4360570903e-01
1.0518304976e+00 -4.3820280094e-01 -7.3751943204e+00
1.1192337890e+04 1.2397092114e-01 -9.3520105534e-01
7.8265470570e-01 5.1607770233e-01 -3.4801640308e-01
-4.5302551361e-01 8.5569446381e-01 2.5010971316e-01
4.2687175553e-01 -3.8089234196e-02 9.0350966490e-01
1.4160554433e+00 -6.2630665279e-01 -7.2069505937e+00
1.1192337890e+04 1.2397092114e-01 -9.3520105534e-01
6.4358801339e-01 6.3420763826e-01 -4.2845669630e-01
-5.5463374876e-01 7.7222007908e-01 3.0993153146e-01
5.2742380849e-01 3.8168325029e-02 8.4874454650e-01
1.7501290075e+00 -8.7670006647e-01 -6.9754217943e+00
1.1192337890e+04 1.2397092114e-01 -9.3520105534e-01
4.7689261581e-01 7.2847184964e-01 -4.9183553884e-01
-6.3445734805e-01 6.7255645475e-01 3.8096153176e-01
6.0830691801e-01 1.3037093025e-01 7.8292152484e-01
2.0112394057e+00 -1.1735447929e+00 -6.7007295533e+00
1.1192337890e+04 1.2397092114e-01 -9.3520105534e-01
2.9782223187e-01 7.9178610164e-01 -5.3326980738e-01
-6.8668650992e-01 5.6574521042e-01 4.5650191016e-01
6.6314670722e-01 2.3023276514e-01 7.1220033597e-01
2.1806346462e+00 -1.4896043271e+00 -6.4054747599e+00
1.1192337890e+04 1.2397092114e-01 -9.3520105534e-01
7.0400375103e-02 8.2845418464e-01 -5.5561448067e-01
-7.1345865434e-01 4.3109559373e-01 5.5238875588e-01
6.9715173079e-01 3.5751958409e-01 6.2141709926e-01
2.2562078672e+00 -1.8426666696e+00 -6.0698808572e+00
1.1192337890e+04 1.2397092114e-01 -9.3520105534e-01
-2.2077966297e-01 8.1257062186e-01 -5.3943055615e-01
-6.9405233818e-01 2.5768514177e-01 6.7222743144e-01
6.8523550133e-01 5.2280718453e-01 5.0707490129e-01
2.1835718087e+00 -2.3418959340e+00 -5.5943440894e+00
1.1192337890e+04 1.2397092114e-01 -9.3520105534e-01
-4.7169934317e-01 7.3706761813e-01 -4.8397423068e-01
-6.2312170672e-01 1.0970504835e-01 7.7439275628e-01
6.2387424075e-01 6.6685540312e-01 4.0753503293e-01
1.9478516373e+00 -2.7666604227e+00 -5.1812230040e+00
1.1192337890e+04 1.2397092114e-01 -9.3520105534e-01
-7.4082563090e-01 5.6634909726e-01 -3.6114551725e-01
-4.6701467234e-01 -4.7853246138e-02 8.8295377153e-01
4.8277808610e-01 8.2277504025e-01 2.9994424935e-01
1.4316368817e+00 -3.2165865381e+00 -4.7318378768e+00
1.1192337890e+04 1.2397092114e-01 -9.3520105534e-01
-8.8246563292e-01 4.0260662034e-01 -2.4323304867e-01
-3.1808904356e-01 -1.2984352143e-01 9.3912726524e-01
3.4651661876e-01 9.0611730433e-01 2.4264720011e-01
9.3712351551e-01 -3.4483377041e+00 -4.4970109515e+00
1.1192337890e+04 1.2397092114e-01 -9.3520105534e-01
-9.6562087015e-01 2.3018287292e-01 -1.2079809663e-01
-1.6359682813e-01 -1.7696780413e-01 9.7052484467e-01
2.0202082308e-01 9.5692123047e-01 2.0854099291e-01
4.2703853950e-01 -3.5765404943e+00 -4.3556101560e+00
1.1192337890e+04 1.2397092114e-01 -9.3520105534e-01
-9.9880254083e-01 4.7815535073e-02 1.0351765141e-02
8.2947336746e-04 -1.9501066167e-01 9.8080077172e-01
4.8916218269e-02 9.7963488936e-01 1.9473748265e-01
-1.1917221501e-01 -3.6165811001e+00 -4.3003290194e+00
1.1192337890e+04 1.2397092114e-01 -9.3520105534e-01
-9.6685034365e-01 -1.8579081615e-01 1.7516331129e-01
2.0794520770e-01 -1.7479610959e-01 9.6239550636e-01
-1.4818638123e-01 9.6691679720e-01 2.0763598848e-01
-8.0439690923e-01 -3.5372804291e+00 -4.3588865246e+00
1.1192337890e+04 1.2397092114e-01 -9.3520105534e-01
-8.8610298868e-01 -3.5899796557e-01 2.9315858196e-01
3.5713998980e-01 -1.2570820070e-01 9.2555306491e-01
-2.9541922948e-01 9.2483398996e-01 2.3960294210e-01
-1.2953451243e+00 -3.3813010018e+00 -4.4967977245e+00
1.1192337890e+04 1.2397092114e-01 -9.3520105534e-01
-7.3780064853e-01 -5.3356682832e-01 4.1346903480e-01
5.0850178076e-01 -3.6491719163e-02 8.6028733188e-01
-4.4393258722e-01 8.4497029187e-01 2.9824329642e-01
-1.7936421965e+00 -3.1064209640e+00 -4.7440267558e+00
1.1192337890e+04 1.2397092114e-01 -9.3520105534e-01
-7.3790704810e-01 -5.3361480194e-01 4.1321717234e-01
5.0825476517e-01 -3.6542952729e-02 8.6043111653e-01
-4.4403860423e-01 8.4493778218e-01 2.9817756823e-01
-1.7933520437e+00 -3.1063896176e+00 -4.7438011407e+00
1.1192337890e+04 1.2397092114e-01 -9.3520105534e-01
-5.3621458347e-01 -6.7409605420e-01 5.0800436040e-01
6.2805618673e-01 8.3459422249e-02 7.7367948865e-01
-5.6393204093e-01 7.3391350617e-01 3.7861803795e-01
-2.1841638398e+00 -2.7432821899e+00 -5.0804794054e+00
1.1192337890e+04 1.2397092114e-01 -9.3520105534e-01
-2.9255754946e-01 -7.6889950196e-01 5.6851001411e-01
7.0647892374e-01 2.2686505131e-01 6.7038778241e-01
-6.4443588553e-01 5.9776734972e-01 4.7684020914e-01
-2.3105056690e+00 -2.3317900756e+00 -5.4745319762e+00
1.1192337890e+04 1.2397092114e-01 -9.3520105534e-01
6.6559395575e-03 -8.0702908578e-01 5.9047417655e-01
7.3403151729e-01 4.0494166566e-01 5.4517885050e-01
-6.7908278589e-01 4.2979797826e-01 5.9508005159e-01
-2.3966308114e+00 -1.8097059078e+00 -5.9667675587e+00
1.1192337890e+04 1.2397092114e-01 -9.3520105534e-01
2.4118627622e-01 -7.8403764543e-01 5.7193893967e-01
7.1008577943e-01 5.4428666376e-01 4.4668804944e-01
-6.6151898387e-01 2.9839068049e-01 6.8800845618e-01
-2.3147371065e+00 -1.4010235954e+00 -6.3548773109e+00
1.1192337890e+04 1.2397092114e-01 -9.3520105534e-01
5.2425733308e-01 -6.8905893362e-01 5.0035191086e-01
6.1965948274e-01 7.1171819242e-01 3.3087662358e-01
-5.8410305098e-01 1.3658331002e-01 8.0010538385e-01
-2.0119532592e+00 -9.2100657522e-01 -6.8188633497e+00
1.1192337890e+04 1.2397092114e-01 -9.3520105534e-01
7.1080006195e-01 -5.6956249061e-01 4.1274912626e-01
5.0963974300e-01 8.2145491200e-01 2.5588896011e-01
-4.8479955062e-01 2.8467469933e-02 8.7416188367e-01
-1.6447912512e+00 -6.1071757875e-01 -7.1235139076e+00
1.1192337890e+04 1.2397092114e-01 -9.3520105534e-01
8.9348579810e-01 -3.6223322620e-01 2.6546227308e-01
3.2127809364e-01 9.2858964761e-01 1.8574620563e-01
-3.1378896593e-01 -8.0674383751e-02 9.4605926277e-01
-1.0286924498e+00 -3.2097445479e-01 -7.4171768087e+00
1.1192337890e+04 1.2397092114e-01 -9.3520105534e-01
9.7850678449e-01 -1.6355420269e-01 1.2559655846e-01
1.4369971578e-01 9.7763629474e-01 1.5355020966e-01
-1.4790153616e-01 -1.3220173216e-01 9.8012643961e-01
-4.4414621459e-01 -1.9069503389e-01 -7.5599234377e+00
1.1192337890e+04 1.2397092114e-01 -9.3520105534e-01
9.9979782203e-01 -1.0788242074e-02 1.6968467440e-02
8.1784223370e-03 9.8910631691e-01 1.4697553287e-01
-1.8369225961e-02 -1.4680704236e-01 9.8899457221e-01
7.8628395418e-03 -1.6687419735e-01 -7.5968770995e+00
1.1192337890e+04 1.2397092114e-01 -9.3520105534e-01
9.8318577781e-01 1.5433767093e-01 -9.7599229775e-02
-1.3784377637e-01 9.7782304463e-01 1.5767430578e-01
1.1976986113e-01 -1.4156968857e-01 9.8265619809e-01
4.8657441254e-01 -2.1389254616e-01 -7.5662600149e+00
4.8500109220e-01 -3.0097450232e-01 4.0081089812e+00
182 181 185
27 0 1 1359.5557 342.2628 1 1 1510.4033 88.7573 2 1 1557.2959 -95.5458 4 0 1538.6431 -460.7820 5 0 1485.4880 -582.1436 6 0 1381.0635 -768.3049 8 0 1036.4907 -1114.8823 9 0 946.3879 -1099.7390 10 0 562.6738 -1237.2124 11 0 129.1877 -1304.9922 12 0 -359.4106 -1288.1897 13 0 -641.2950 -1235.8484 14 0 -913.9711 -1263.1409 15 0 -1236.3340 -1078.4275 16 0 -1505.5234 -826.8018 17 0 -1719.0830 -449.6143 21 1 -1272.3512 707.7363 24 0 -507.9067 1040.1438 25 1 -124.9072 1090.9469 26 0 245.9385 1082.4229 27 0 574.0242 1033.2566 28 0 850.6887 952.9690 29 0 1216.2551 780.6584 30 1 1491.0217 580.7878 31 1 1648.3853 414.4679 32 1 1802.9165 158.2904 33 1 1875.7280 -73.2427
-1.4569216807e-01 -3.0020261725e-01 4.0043836068e+00
214 219 226
7 0 2 -413.8796 339.1393 1 2 -286.4829 344.5879 2 2 -191.1340 341.6692 3 0 -96.9653 330.4008 31 2 -142.5032 342.3282 32 2 -5.3650 359.5959 33 2 115.1362 358.0397
-4.6749563441e-02 -2.2682026072e-01 3.7774911803e+00
205 199 155
15 0 4 -143.7415 170.3459 1 4 -143.7720 144.8480 2 3 -142.9480 133.4392 3 1 -145.5322 123.3274 5 2 -164.4934 113.6796 6 1 -175.9153 105.7992 7 0 -186.1936 98.2738 17 1 -32.9282 160.8634 19 1 -27.7488 198.6414 20 1 -11.1826 215.0312 21 3 4.4944 227.8862 22 1 19.4202 237.4886 23 1 36.1433 242.7408 24 1 54.4309 248.9893 33 3 181.8796 150.2034
8.3493364311e-01 -1.8459635217e-01 3.8975925754e+00
216 218 221
4 0 7 2413.4062 30.6677 1 7 2519.9692 -391.3184 2 5 2491.1460 -687.5994 3 3 2396.5020 -986.0183
-5.9463333477e-01 -1.0659442524e-01 3.7875270447e+00
205 205 207
7 0 9 -1773.5488 -187.2816 1 9 -1782.6836 23.3890 2 6 -1726.0586 174.5248 30 3 -1415.5411 -424.8545 31 5 -1464.2368 -248.3490 32 5 -1465.9830 -7.2108 33 6 -1408.5159 186.0469
1.2608868128e-01 -1.0175459426e-01 3.7267793265e+00
203 195 149
13 0 10 376.7668 -199.2008 1 10 295.8057 -302.5857 3 4 131.3794 -399.7510 4 1 42.2344 -431.7273 5 3 -37.5222 -444.2473 6 2 -147.8130 -460.0444 7 3 -257.0842 -465.1897 28 2 777.1826 154.2517 29 3 796.9500 21.2781 30 4 774.5952 -94.0950 31 6 735.4683 -171.4305 32 6 648.1211 -269.3790 33 7 554.8328 -336.5879
7.4906241164e-01 -1.0107242527e-01 3.8156410940e+00
218 220 224
6 0 11 2210.1191 -205.2505 1 11 2228.2954 -600.6333 2 7 2143.2314 -866.8669 3 5 1996.5435 -1126.7810 30 5 2474.4990 173.1257 33 8 2486.5146 -842.6440
7.4504382150e-01 -4.0996345838e-01 4.1153834918e+00
220 223 228
8 0 12 2038.2686 621.8844 1 12 2310.6831 271.6978 2 8 2419.7949 2.2249 3 6 2476.0122 -276.5734 4 3 2475.5625 -543.5818 5 5 2430.4185 -735.2153 6 4 2318.9375 -1029.6931 7 5 2147.5586 -1301.8726
3.0086925528e-01 -4.0818877995e-01 4.1190753810e+00
217 223 229
13 0 13 818.2874 611.6079 1 13 1041.5361 440.3469 2 9 1161.0354 304.7427 3 7 1253.1938 157.4376 4 4 1311.2341 12.6892 5 6 1327.3940 -90.8833 6 5 1333.0979 -259.0909 7 6 1305.0679 -419.4624 8 3 1230.8091 -607.4648 30 6 875.2852 766.5050 31 7 1072.3821 666.1648 32 7 1305.1042 493.8577 33 10 1465.8357 324.9537
2.9317138793e-01 -2.1787968706e-02 3.7352372746e+00
218 221 226
8 0 14 879.5933 -439.1721 1 14 771.0117 -627.1409 28 3 1226.3628 166.2772 29 4 1296.1511 -54.1680 30 7 1293.1704 -254.4854 31 8 1250.7319 -394.1128 32 8 1134.3706 -575.8289 33 11 993.0613 -711.8433
4.5617232501e-01 -2.1159189691e-02 3.7390774974e+00
218 219 225
6 0 15 1370.0891 -440.7676 1 15 1275.5386 -706.7634 29 5 1708.5381 88.3250 30 8 1760.0293 -181.1152 31 9 1743.6113 -376.2109 32 9 1640.7476 -639.2261
-4.1897798768e-01 3.5270861831e-04 3.6868541102e+00
215 219 226
9 0 16 -1284.2255 -505.9954 1 16 -1407.9122 -359.0979 2 10 -1443.9625 -236.0237 3 8 -1454.5068 -111.4480 4 5 -1440.7306 2.7781 5 7 -1424.3835 89.8834 6 6 -1368.3365 207.3778 32 10 -1056.5818 -377.5947 33 12 -1113.8038 -223.1237
-2.0386148064e-02 1.2004885183e-02 3.6891504894e+00
209 210 212
12 0 17 -66.3435 -541.4885 1 17 -219.5574 -580.6697 2 11 -326.3391 -578.2202 3 9 -431.6467 -564.0256 5 8 -598.9764 -511.2937 27 2 726.6155 -253.3799 28 4 668.3064 -333.2737 29 6 550.1162 -436.3809 30 9 416.7109 -504.4436 31 10 309.8875 -537.8970 32 11 147.8853 -561.8960 33 13 11.2712 -561.2922
6.6658363945e-02 2.4112233858e-02 3.6819121072e+00
217 220 225
9 0 18 200.0107 -577.7639 1 18 36.3311 -658.7561 2 12 -88.3398 -683.6743 4 6 -339.2976 -691.8083 29 7 803.5635 -385.5862 30 10 687.5950 -498.5837 31 11 582.1985 -563.7595 32 12 409.1641 -631.5190 33 14 251.2903 -666.5613
8.0655964300e-01 2.4412274208e-02 3.7001063154e+00
220 220 224
2 0 19 2455.9946 -579.4055 1 19 2371.7515 -1024.8118
3.0179002461e-01 -1.1172412159e-01 3.7327038555e+00
180 166 119
13 0 21 906.7285 -168.1632 1 20 839.1082 -353.4531 2 13 750.7944 -464.8176 3 11 638.5576 -567.0288 4 8 513.5237 -648.6001 5 9 400.6240 -692.4915 6 7 230.1348 -754.9458 28 5 1127.8374 410.3239 29 9 1240.6917 207.8844 30 11 1278.2930 17.9215 31 13 1267.2275 -118.5480 32 13 1193.6050 -301.4435 33 15 1089.6223 -443.7256
5.3505814901e-01 -8.8521839554e-02 3.7303034960e+00
178 164 106
13 0 23 1612.7832 -237.5968 1 22 1555.2676 -535.0164 2 15 1441.8994 -724.3726 3 13 1287.0112 -901.9636 4 10 1102.2566 -1047.6245 5 10 940.1396 -1138.3667 26 2 1162.4451 985.2477 27 5 1435.5208 822.1021 28 6 1638.2554 646.5325 29 11 1857.2139 348.3301 30 13 1964.0527 56.2795 31 15 1981.1377 -159.6228 32 15 1916.0522 -459.0515
5.4061511200e-01 -6.4344489483e-02 3.7483714004e+00
170 155 106
13 0 24 1620.5415 -311.6375 1 23 1560.3281 -613.4856 2 16 1445.3428 -805.2395 3 14 1286.8142 -983.3706 4 11 1104.2180 -1131.7510 5 11 938.1089 -1221.0476 6 8 673.6301 -1343.2566 7 7 395.5647 -1430.5332 29 12 1868.9604 281.1156 30 14 1973.1592 -14.7981 31 16 1988.5688 -234.0443 32 16 1920.8115 -537.3254 33 17 1789.7930 -781.2859
4.7220475565e-01 -7.4682580646e-01 4.4246468457e+00
214 219 226
6 0 26 1199.7781 1399.0668 1 25 1671.7368 1183.9397 2 18 1958.9482 989.7593 30 15 989.6650 1597.6879 31 18 1374.8428 1478.1014 32 18 1869.6655 1252.1583
2.1020136192e-01 -7.1884151230e-01 4.3959224260e+00
213 218 224
9 0 27 535.7688 1337.9109 1 26 969.7493 1212.7878 2 19 1247.7573 1081.1089 3 16 1502.1270 928.0689 4 13 1714.7563 765.1567 5 13 1844.6743 637.9121 6 10 2019.2842 419.9949 7 9 2144.7759 192.9784 33 19 1528.5771 1101.6707
-2.0432337067e-01 2.4574534193e-01 3.4626149446e+00
217 219 224
9 0 28 -667.7689 -1305.9253 1 27 -1047.9130 -1240.1304 2 20 -1276.8938 -1136.7622 3 17 -1478.3650 -1010.4868 5 14 -1742.0078 -758.9983 6 11 -1855.1460 -587.6331 31 19 -216.7725 -1339.1108 32 19 -617.1910 -1247.4202 33 20 -919.6909 -1119.9253
4.2912281431e-03 2.6643289344e-01 3.4525629251e+00
217 220 225
9 0 29 9.4653 -1373.0012 1 28 -396.2268 -1420.1128 2 21 -674.7728 -1387.5002 4 14 -1176.5386 -1238.9390 29 14 1141.3853 -1160.1477 30 16 769.5757 -1313.4910 31 20 477.4546 -1377.9902 32 20 46.0830 -1405.9961 33 21 -311.7732 -1370.2886
-3.1885612695e-01 -3.2811665493e-01 4.0265510973e+00
213 218 224
12 0 30 -895.7991 413.0961 1 29 -741.1531 486.2742 2 22 -609.3984 525.8701 3 18 -471.3398 553.3173 4 15 -339.6545 567.6284 5 15 -250.9749 573.2513 6 12 -107.3496 564.0887 7 10 26.4478 540.7096 30 17 -746.8584 318.2198 31 21 -638.8162 397.6204 32 21 -470.5701 486.8369 33 22 -308.3730 540.5686
-1.0843990172e-01 -3.2206534477e-01 4.0275465474e+00
215 221 226
10 0 31 -307.1335 395.2720 1 30 -163.1831 385.4939 2 23 -59.7092 370.0254 3 19 38.8713 345.1467 4 16 127.2534 313.7166 5 16 178.9771 291.4208 7 11 328.0891 189.0963 8 5 395.0176 116.3326 32 22 114.4248 403.3925 33 23 246.6919 386.0469
-2.7304302444e-01 -3.1258327113e-01 4.0117938209e+00
212 218 226
14 0 32 -769.5066 373.2518 1 31 -629.8995 429.3774 2 24 -513.2852 458.6267 3 20 -391.5403 477.6006 4 17 -275.9536 484.1005 5 17 -199.2949 487.6698 6 13 -74.2136 474.1876 7 12 41.5815 450.7185 8 6 169.9175 408.8066 9 3 468.1157 478.9822 10 4 598.4751 387.5701 11 3 703.4238 277.0089 32 23 -354.4468 433.7854 33 24 -210.3450 473.7478
1.8948201417e-01 -3.0897553548e-01 4.0153526506e+00
210 213 215
12 0 33 528.2585 363.5164 1 32 664.1946 231.4399 2 25 731.9763 133.3563 3 21 778.8877 29.4220 4 18 804.3535 -69.6614 5 18 801.0408 -138.1908 26 4 -153.8374 621.8877 27 7 49.5371 634.5225 29 15 477.3826 564.7040 30 18 680.8264 480.3904 31 22 807.9099 403.1489 32 24 951.2678 275.0707
5.2593402179e-01 -3.0040420765e-01 4.0069026331e+00
214 217 222
28 0 34 1475.5237 339.9866 1 33 1630.2534 69.2485 2 26 1675.3838 -127.0743 3 22 1679.2119 -329.6013 4 19 1644.4502 -516.6628 5 19 1584.8584 -645.9265 6 14 1468.7275 -843.6372 8 7 1087.8018 -1208.5068 9 4 973.4316 -1196.7710 10 5 558.8965 -1336.0291 11 4 91.6104 -1400.7488 12 1 -429.5474 -1373.3667 13 2 -729.2791 -1313.3809 14 3 -1023.8923 -1324.1929 15 1 -1359.6354 -1118.4524 16 2 -1636.4106 -843.8452 18 1 -1876.7588 -67.0455 22 3 -1062.6063 928.4656 23 4 -814.2416 1029.1150 25 3 -94.4939 1160.2791 26 5 296.7832 1146.0277 27 8 644.5198 1088.7031 28 7 934.2314 999.4441 29 16 1315.4622 812.6220 30 19 1602.7007 596.0844 31 23 1765.5151 417.1130 32 25 1923.1582 142.5004 33 25 1995.1152 -104.3328
-6.4216769362e-01 -2.8156818163e-01 3.9704986491e+00
212 216 224
9 0 35 -1828.2341 296.1616 1 34 -1682.1597 501.4050 2 27 -1523.6531 629.8530 3 23 -1344.4752 741.6116 4 20 -1163.6249 829.0886 30 20 -1651.1243 56.2070 31 24 -1576.8004 240.9767 32 26 -1412.8944 472.3447 33 26 -1222.8130 640.3314
-3.0520237491e-02 -2.2581172126e-01 3.7775795930e+00
202 196 146
14 0 36 -96.4419 169.2209 2 28 -97.8728 118.1005 3 24 -104.4011 102.9805 4 21 -112.9900 90.7823 5 20 -129.7781 88.7048 6 15 -145.7769 77.5165 25 4 99.1685 277.7291 26 6 132.8721 268.6333 27 9 163.5972 259.1627 28 8 183.7798 248.3295 29 17 208.1101 224.0317 30 21 224.9868 200.5988 32 27 231.1582 154.9408 33 27 228.5203 135.1816
5.3629023516e-01 -1.9054034082e-01 3.8132947807e+00
191 179 127
20 0 38 1581.8369 57.6899 1 36 1608.4800 -228.8716 3 26 1464.4160 -611.0027 4 23 1341.7349 -774.9478 15 2 -1668.4126 -530.2358 16 3 -1787.8003 -233.8457 17 4 -1796.1621 158.1327 18 2 -1662.7174 484.7013 19 3 -1451.0071 739.6452 22 5 -515.4832 1192.8934 23 6 -250.5637 1234.4753 25 6 475.7058 1211.2305 26 8 837.1567 1119.9146 27 10 1140.0894 997.2710 28 9 1378.4829 856.8901 29 18 1665.8848 601.8070 30 23 1845.1416 339.7858 31 25 1920.5591 137.6777 32 29 1944.1255 -154.2123 33 29 1895.0659 -399.3525
7.1083605483e-01 -1.7988549608e-01 3.8906088568e+00
215 219 223
8 0 39 2056.4150 16.7896 1 37 2135.1084 -349.8633 2 30 2102.4678 -603.4910 28 10 1607.4849 991.4443 29 19 1998.7241 687.2355 30 24 2259.2104 365.2218 31 26 2382.9741 113.8014 32 30 2459.8169 -257.9956
1.6806860138e-01 -4.7592286026e-01 4.1761247479e+00
215 221 229
7 1 38 714.1943 661.9611 2 31 876.0771 558.3140 3 27 1015.4487 439.5156 4 24 1124.9402 319.2872 31 27 682.5386 819.3532 32 31 962.1001 703.2434 33 30 1173.4641 575.8553
-8.3654673346e-01 -4.4662111474e-01 4.1129452411e+00
214 216 226
6 0 40 -2301.1194 721.2690 1 39 -2011.2178 978.5671 2 32 -1744.9490 1126.7358 3 28 -1457.3501 1246.4399 31 28 -2105.6128 660.2445 32 32 -1783.2101 942.8007
1.0824379122e-01 -4.1653588183e-01 4.1208412843e+00
213 220 228
7 0 41 290.8650 634.4160 1 40 511.2847 538.1449 2 33 645.3977 453.7041 28 11 -213.3452 729.9855 29 20 88.8328 743.9786 30 25 356.8262 715.1938 31 29 538.7952 668.1862
2.2646991456e-01 -4.1522992264e-01 4.1216931005e+00
213 220 227
8 0 42 615.4773 629.9718 1 41 837.8762 488.2379 2 34 962.9558 373.1453 28 12 33.9839 866.1236 29 21 380.4348 832.6892 30 26 672.4065 756.7630 31 30 865.5886 676.7991 32 33 1099.8767 534.6927
-4.4293587115e-01 -3.5246780581e-01 4.0456543990e+00
214 219 226
10 0 43 -1237.0667 477.9386 1 42 -1055.1254 597.4847 2 35 -895.2603 665.3817 3 29 -723.9281 717.1900 4 25 -559.1152 751.0616 5 22 -441.3599 769.7927 6 17 -252.9861 776.7319 7 14 -73.5942 765.5900 8 9 134.3113 733.7036 31 31 -995.1287 449.4042
4.6070615385e-01 -6.2356926972e-03 3.7234014344e+00
216 217 219
11 0 44 1389.0317 -485.2888 1 43 1280.8516 -754.2830 2 36 1141.8025 -915.8772 3 30 966.4172 -1060.6516 5 23 607.8606 -1241.9182 6 18 349.3044 -1326.0601 7 15 86.3103 -1376.5933 29 22 1753.5107 55.3145 30 27 1794.7676 -221.9735 31 32 1768.1699 -420.2339 32 34 1650.4355 -686.8591
-5.2416999106e-01 2.1250828210e-03 3.6788117897e+00
212 214 218
8 0 45 -1610.3184 -511.9148 1 44 -1724.1626 -315.6959 28 13 -527.7708 -1070.7756 29 23 -883.1223 -913.9424 30 28 -1130.1584 -725.1135 31 33 -1260.2297 -571.9795 32 35 -1376.7360 -344.5696 33 31 -1414.3571 -149.2555
-3.3336642249e-02 5.5907350253e-02 3.6227596353e+00
26 22 21
28 0 46 -106.3567 -676.2612 1 45 -313.1255 -708.2129 2 37 -454.3652 -694.2393 3 31 -591.3182 -665.1023 4 26 -710.9492 -624.7542 5 24 -800.9120 -580.9521 6 19 -913.1841 -513.8594 7 16 -1003.9081 -439.4192 8 10 -1089.6321 -342.1592 9 6 -952.5907 -80.8320 10 7 -987.9408 55.8954 11 6 -976.8688 196.2465 12 2 -915.7372 341.6205 14 4 -610.2640 404.2295 15 3 -474.4109 483.7046 16 4 -298.8052 547.6072 17 5 -49.6655 590.9492 23 7 917.6677 191.2970 24 3 969.3020 72.9261 25 7 994.3762 -78.8163 26 9 961.7891 -225.9194 27 11 895.8293 -348.3684 28 14 803.2356 -447.0879 29 24 626.8511 -568.4998 30 29 437.2266 -643.9294 31 34 289.0647 -676.5437 32 36 70.5769 -692.3140 33 32 -110.8374 -678.0742
-5.9499605430e-01 1.5528315119e-01 3.5244315454e+00
215 216 221
6 0 47 -1906.8875 -1001.1255 1 47 -2160.9207 -747.3240 2 39 -2254.2964 -536.4087 3 33 -2298.5000 -320.4072 32 37 -1774.1031 -791.3967 33 34 -1910.7499 -525.0242
-5.2310966338e-01 1.8225857545e-01 3.5026450224e+00
214 216 221
10 0 48 -1687.6697 -1092.5405 1 48 -1977.0409 -870.3047 2 40 -2102.5088 -674.6499 3 34 -2181.7788 -470.4741 4 28 -2214.8411 -279.0182 29 26 -555.0623 -1481.6040 30 31 -1001.1982 -1321.6860 31 35 -1273.4772 -1165.1655 32 38 -1578.6184 -906.8354 33 35 -1755.0549 -660.8413
1.7994141488e-01 1.8787527572e-01 3.5276519984e+00
214 216 220
9 0 49 569.7881 -1103.6484 1 49 247.3481 -1243.2319 26 11 1651.8140 -29.1149 27 13 1665.7974 -257.9379 28 15 1618.4707 -459.1091 29 27 1455.5903 -740.4771 30 32 1223.5022 -955.5491 31 36 1013.0022 -1081.0271 32 39 670.8174 -1207.8096
-3.5989821386e-01 2.0982520426e-01 3.4883277532e+00
216 218 221
11 0 50 -1167.1700 -1183.7224 1 50 -1499.4276 -1040.9954 2 41 -1672.9905 -890.9473 3 35 -1811.9268 -726.8096 4 29 -1907.2104 -565.1208 5 26 -1962.5703 -436.0085 27 14 805.6211 -1284.6111 28 16 480.4814 -1359.0164 31 37 -734.6788 -1237.5229 32 40 -1084.4052 -1060.7290 33 36 -1322.2045 -877.0811
1.2714121594e-01 2.1511077931e-01 3.4971669626e+00
215 216 218
11 0 51 405.0969 -1197.0300 1 51 50.5435 -1309.8623 2 42 -213.8081 -1329.2026 3 36 -479.8987 -1318.2476 4 30 -721.2550 -1280.4534 5 27 -900.2083 -1228.5759 29 28 1376.1970 -874.2893 30 33 1097.1714 -1074.1174 31 38 857.9636 -1181.7351 32 41 482.9092 -1280.1294 33 37 147.5337 -1310.1794
-6.7950346182e-01 2.1522096469e-01 3.4586636920e+00
211 210 218
6 0 52 -2221.4297 -1203.2214 1 52 -2523.5171 -893.9380 30 34 -1499.7452 -1535.7961 31 39 -1804.2216 -1310.9155 32 42 -2120.8032 -956.3542 33 38 -2283.0217 -634.9336
-2.8144982690e-01 2.1713255790e-01 3.4824132110e+00
215 216 221
9 3 37 -1624.3431 -836.9614 4 31 -1745.9569 -691.1738 27 15 980.2322 -1145.3125 28 17 690.5408 -1246.6975 29 29 230.3201 -1321.4412 30 35 -189.1187 -1305.3518 31 40 -476.1938 -1250.6858 32 43 -841.7378 -1118.8997 33 39 -1104.2338 -966.5903
-1.1079490753e-01 2.2036553111e-01 3.4870973193e+00
214 215 217
15 0 53 -362.4673 -1217.7991 1 53 -720.3081 -1203.8252 2 43 -950.1382 -1136.6392 3 38 -1162.0238 -1046.3635 4 32 -1337.0074 -942.3687 5 28 -1457.1216 -849.4255 6 21 -1599.6558 -705.2568 7 18 -1702.5835 -557.5818 8 11 -1783.2744 -374.4253 9 8 -1609.0520 -28.3846 10 9 -1584.3263 200.6100 29 30 725.6548 -1142.4109 30 36 358.3813 -1221.1687 32 44 -294.1172 -1198.8625 33 40 -592.8296 -1120.4885
3.7763244123e-01 -6.6505790616e-01 4.3454194140e+00
215 220 228
7 0 54 974.0522 1221.6508 1 54 1386.1233 1033.9312 2 44 1631.9629 865.5781 3 39 1848.1074 674.5651 4 33 2014.6104 477.2330 32 45 1596.0801 1094.6033 33 41 1919.7207 885.9891
-5.1634106517e-01 -6.3991522703e-01 4.2963756514e+00
213 214 222
6 0 55 -1360.0189 1174.6713 1 55 -972.0344 1300.3696 28 18 -2113.7317 433.4885 29 31 -1819.3988 777.2385 30 37 -1473.1080 1020.4393 31 41 -1191.0173 1157.3108
4.8877225174e-01 -6.2997063919e-01 4.3084761422e+00
213 217 225
7 0 56 1275.9761 1144.3745 1 56 1668.2031 915.3193 2 45 1894.0610 719.3824 3 40 2085.9473 501.2509 30 38 1149.2380 1356.5880 31 42 1480.2358 1221.8950 32 46 1888.5894 983.6491
-9.2144153381e-01 -6.1748859347e-01 4.2541660989e+00
214 215 224
6 0 57 -2451.6013 1134.5850 1 57 -2039.9946 1398.9342 2 46 -1689.8740 1539.9978 3 41 -1324.3004 1647.3275 32 47 -1847.1196 1366.0513 33 42 -1416.3303 1547.1157
1.6387795904e-01 -6.2115360643e-01 4.3033349904e+00
210 214 223
11 0 58 425.4941 1121.0394 1 58 791.3220 1008.4295 2 47 1022.7815 896.9756 3 42 1234.9585 764.8223 26 12 -1206.5842 964.7766 27 16 -879.4774 1101.6255 28 19 -568.3723 1183.8003 30 39 328.9888 1218.1306 31 43 624.0012 1167.6959 32 48 1009.1948 1052.8907 33 43 1310.4036 916.5112
7.5732088975e-02 -5.3283993865e-01 4.2217697636e+00
213 218 225
11 0 60 197.3457 916.0736 1 59 497.8169 834.4721 2 49 693.7737 751.6136 3 44 873.0454 650.9553 27 17 -796.6765 842.4673 28 20 -550.4047 922.2304 29 32 -171.1050 982.0727 30 41 172.2693 980.8944 31 45 415.2991 951.3180 32 50 733.4614 869.0227 33 45 986.3242 769.4307
7.9712497001e-01 -1.5257957078e-01 3.8668652125e+00
219 220 224
6 0 63 2319.6846 -57.3958 1 62 2395.0571 -468.1616 2 52 2345.3496 -751.5808 3 47 2229.1069 -1033.0466 4 37 2067.1724 -1283.1785 5 32 1902.4028 -1448.9026
-7.4615250444e-01 -1.2900772164e-01 3.8001063150e+00
212 215 219
9 0 64 -2219.2869 -121.8964 1 63 -2190.4785 151.9503 2 53 -2091.5891 339.9189 3 48 -1959.5542 514.1307 5 33 -1690.6987 762.0858 6 25 -1482.9937 889.5126 31 49 -1925.9248 -201.2321 32 54 -1886.1265 108.4576 33 48 -1778.2385 349.8945
8.3898487397e-02 -9.1143340855e-02 3.7251168161e+00
185 175 126
11 0 66 250.5562 -229.9512 1 66 161.5647 -315.6155 2 54 85.3584 -354.5654 3 49 1.9717 -385.8508 4 38 -81.7080 -405.2119 5 35 -150.2551 -409.2612 29 35 695.3716 -46.7095 30 43 657.3801 -143.8472 31 51 608.5732 -208.9381 32 56 513.5574 -285.5028 33 49 420.6653 -337.0935
-6.2045107830e-01 -5.4212942654e-02 3.7305496416e+00
213 214 218
12 0 67 -1879.0122 -341.2339 1 67 -1933.0862 -110.0088 3 50 -1833.2727 224.0697 4 39 -1743.7407 364.8492 5 36 -1670.1438 467.5123 6 27 -1525.2786 600.1830 7 24 -1366.7119 709.6657 28 24 -928.3394 -1077.7117 29 36 -1261.3945 -844.7400 30 44 -1465.2837 -597.5962 31 52 -1553.8550 -409.7881 32 57 -1603.6582 -145.8494
-7.6232820176e-01 -4.5472683502e-02 3.7138314254e+00
211 213 215
7 0 68 -2319.9458 -365.4070 1 68 -2361.1079 -71.9722 2 55 -2304.9302 138.7367 29 37 -1673.9761 -1020.7312 30 45 -1908.5767 -696.0159 32 58 -2035.6075 -117.1064 33 50 -1984.2568 149.1235
-4.1058432964e-01 -2.9494703935e-01 3.9928641135e+00
215 221 226
9 0 70 -1162.2489 328.0480 1 70 -1027.3334 439.8818 2 57 -899.2289 507.9277 3 52 -760.6696 562.0905 4 40 -623.8420 601.3149 5 38 -527.1738 625.9117 31 53 -901.7991 300.4911 32 59 -752.7563 431.7230 33 51 -597.3275 520.2998
5.4775795862e-01 -2.0883382964e-01 3.8285613845e+00
200 187 131
13 0 75 1607.9795 109.2689 1 75 1652.8145 -180.8186 12 8 -1008.1219 -1035.4727 13 8 -1258.2690 -917.2534 14 7 -1455.5756 -842.6099 15 6 -1675.3633 -589.4258 16 8 -1813.1946 -285.9893 17 10 -1839.6030 115.6215 18 5 -1718.6880 452.1716 29 42 1657.8403 656.6097 30 50 1853.7290 394.2157 31 57 1942.1934 189.6851 33 54 1949.0269 -356.3499
5.4401092163e-01 6.9780642343e-02 3.6542151542e+00
218 220 225
11 0 81 1674.1328 -719.7458 1 82 1503.5869 -1038.1555 2 67 1307.4602 -1225.9399 3 62 1067.4070 -1390.7297 4 49 812.8953 -1517.1111 5 47 596.9265 -1583.6567 9 19 -668.9825 -1450.1733 10 14 -1129.2357 -1306.2390 31 63 2078.8071 -644.0610 32 70 1895.3833 -961.4128 33 60 1663.0503 -1204.5527
-4.3763871212e-01 1.1496153746e-01 3.5766023549e+00
216 218 222
6 0 83 -1382.4216 -867.3792 1 84 -1611.4619 -699.0081 29 47 -428.5864 -1167.2739 30 56 -776.4027 -1045.3325 31 65 -991.2179 -924.0935 32 72 -1230.2462 -724.1411
7.0715745688e-01 1.1513405780e-01 3.6166359574e+00
219 219 224
5 0 84 2201.3086 -864.1050 1 85 2013.0537 -1274.0815 2 69 1778.8105 -1519.0295 32 73 2420.4087 -1180.4819 33 62 2143.4351 -1495.8821
-1.9390719972e-01 -4.7789228151e-01 4.1681916949e+00
213 216 220
21 0 85 -529.4150 787.7159 1 86 -266.9382 805.9499 2 70 -75.0222 795.9993 3 64 113.3335 767.3741 5 49 393.1294 691.4869 16 12 784.4897 -1015.7788 17 14 362.9607 -1121.4514 18 8 -40.8677 -1135.9851 19 7 -396.4111 -1075.4504 20 9 -752.2937 -939.3079 21 10 -996.7401 -776.6973 23 14 -1255.7520 -456.7012 24 9 -1324.4330 -260.8584 25 12 -1325.1837 -29.8525 26 16 -1260.8287 180.7761 28 29 -1012.2632 490.6907 29 48 -760.3118 647.4543 30 57 -503.8618 747.4711 31 66 -308.1792 794.0638 32 74 -26.7024 820.9846 33 63 216.7253 810.3215
-8.5159972225e-01 -4.4700020970e-01 4.1085260770e+00
213 216 226
5 0 86 -2344.7913 723.8977 1 87 -2053.7507 986.1752 31 67 -2151.8896 660.6588 32 75 -1823.7952 950.1129 33 64 -1501.1136 1147.5913
2.7840693355e-01 -4.4561068440e-01 4.1501901734e+00
209 214 225
9 0 87 751.9822 703.9519 1 88 999.6819 543.0920 24 10 -1098.6000 675.1610 25 13 -808.9607 827.4592 26 17 -498.9146 925.0451 27 23 -201.7083 974.9060 28 30 67.4495 984.0922 29 49 454.3784 940.9930 30 58 781.4495 850.9789
-7.6907341174e-01 -4.3524654033e-01 4.1035969981e+00
214 218 226
7 0 88 -2119.5378 694.8251 1 89 -1846.8865 924.3608 2 71 -1599.2135 1057.9463 3 65 -1328.1554 1170.8477 31 68 -1916.5078 638.2927 32 76 -1614.5415 895.2742 33 65 -1310.0094 1071.2682
-6.7790263469e-01 -4.1633287786e-01 4.0901356574e+00
210 216 225
13 0 90 -1873.6438 643.9617 1 91 -1625.6617 846.3808 2 73 -1400.2703 962.2210 3 67 -1156.7582 1056.0537 4 52 -920.2136 1121.5732 5 51 -746.5819 1160.4443 6 37 -475.6169 1190.9802 7 31 -213.8887 1195.3962 8 22 98.6013 1173.9468 9 21 580.0403 1225.0925 31 70 -1661.6636 597.1847 32 78 -1384.8984 820.7837 33 67 -1109.9104 973.4189
-3.7719166303e-01 -3.9261456772e-01 4.0845577295e+00
213 219 226
7 0 91 -1045.0475 577.5359 1 92 -836.0497 670.7513 2 74 -666.8180 715.0205 29 50 -1115.4565 295.9338 30 60 -951.6012 461.5256 31 71 -808.8108 560.6945 32 79 -582.5798 667.1370
1.9345909662e-01 -3.7429875544e-01 4.0808840515e+00
206 213 223
10 0 92 530.0237 528.5016 1 93 719.2820 398.9022 2 75 824.0513 295.1554 3 68 907.9746 181.7108 28 31 67.8384 750.5121 29 51 370.9604 715.7706 30 61 626.1167 643.7159 31 72 791.8721 570.1420 32 80 990.1919 441.9423 33 68 1129.8167 313.1691
-1.4676191346e-01 -3.5441997044e-01 4.0574817211e+00
212 217 222
10 0 93 -412.2061 478.4733 1 94 -240.6418 483.8354 2 76 -116.5427 474.1866 3 69 6.6348 455.2114 4 53 111.9448 423.3142 29 52 -453.3022 394.7339 30 62 -285.5178 455.3967 31 73 -156.3613 482.8789 32 81 28.4497 498.5831 33 69 186.7424 490.7118
6.1640362921e-01 -3.5211764323e-01 4.0587776568e+00
214 215 217
22 0 94 1707.7456 475.0878 1 95 1915.8149 171.4064 2 77 1991.5337 -55.6050 3 70 2020.2554 -290.4299 4 54 2002.3535 -511.9182 5 52 1948.8354 -668.0032 6 38 1836.3696 -907.3301 7 32 1680.1865 -1123.9895 8 23 1430.5095 -1361.4626 9 22 1279.5918 -1393.5916 10 16 803.3679 -1582.9180 19 8 -2135.4614 222.8738 22 11 -1323.1185 1039.3250 23 15 -1043.0913 1163.8092 26 18 233.3582 1335.4993 27 24 632.6311 1281.3459 28 32 973.7180 1191.5299 29 53 1428.1155 994.3901 30 63 1777.8398 759.3335 31 74 1984.1787 562.4695 32 82 2196.5703 252.3259 33 70 2307.9839 -31.6147
2.5574907960e-01 -3.4986187218e-01 4.0577193485e+00
213 220 229
5 0 95 705.2683 467.0813 1 96 879.9177 312.0050 28 33 260.4260 775.9289 29 54 565.8098 708.4468 30 64 817.6389 607.9506
-1.2200946348e-01 -6.8472810632e-01 4.3573562973e+00
209 211 216
