<?xml version="1.0" encoding="UTF-8"?>
<document version="1.1.0">
  <chunk>
    <sensors>
      <sensor id="0" label="Canon EOS 600D (36 mm)" type="frame">
        <resolution width="5184" height="3456"/>
        <property name="pixel_width" value="4.4035976080246883e-003"/>
        <property name="pixel_height" value="4.4035976080246883e-003"/>
        <property name="focal_length" value="3.6000000000000000e+001"/>
        <property name="fixed" value="false"/>
      </sensor>
      <sensor id="1" label="Canon EOS 600D (46 mm)" type="frame">
        <resolution width="5184" height="3456"/>
        <property name="pixel_width" value="4.4035976080246883e-003"/>
        <property name="pixel_height" value="4.4035976080246883e-003"/>
        <property name="focal_length" value="4.6000000000000000e+001"/>
        <property name="fixed" value="false"/>
      </sensor>
      <sensor id="2" label="Canon EOS 600D (46 mm)" type="frame">
        <resolution width="5184" height="3456"/>
        <property name="pixel_width" value="4.4035976080246883e-003"/>
        <property name="pixel_height" value="4.4035976080246883e-003"/>
        <property name="focal_length" value="4.6000000000000000e+001"/>
        <property name="fixed" value="false"/>
      </sensor>
      <sensor id="3" label="Canon EOS 600D (36 mm)" type="frame">
        <resolution width="5184" height="3456"/>
        <property name="pixel_width" value="4.4035976080246883e-003"/>
        <property name="pixel_height" value="4.4035976080246883e-003"/>
        <property name="focal_length" value="3.6000000000000000e+001"/>
        <property name="fixed" value="false"/>
        <calibration type="frame" class="adjusted">
          <resolution width="5184" height="3456"/>
          <fx>8.2105031392058572e+003</fx>
          <fy>8.2105031392058572e+003</fy>
          <cx>2.6598628267522004e+003</cx>
          <cy>1.6910924840064758e+003</cy>
          <k1>-4.8825643531586409e-002</k1>
          <k2>2.1095416866329941e-001</k2>
          <k3>2.5073619852250744e+000</k3>
        </calibration>
      </sensor>
      <sensor id="4" label="Canon EOS 600D (46 mm)" type="frame">
        <resolution width="5184" height="3456"/>
        <property name="pixel_width" value="4.4035976080246883e-003"/>
        <property name="pixel_height" value="4.4035976080246883e-003"/>
        <property name="focal_length" value="4.6000000000000000e+001"/>
        <property name="fixed" value="false"/>
        <calibration type="frame" class="adjusted">
          <resolution width="5184" height="3456"/>
          <fx>1.0408033097347607e+004</fx>
          <fy>1.0408033097347607e+004</fy>
          <cx>2.6201016821638618e+003</cx>
          <cy>1.6259582990742158e+003</cy>
          <k1>4.1463520711525738e-002</k1>
          <k2>-3.5853818397656628e-001</k2>
          <k3>7.1343350794301292e+000</k3>
        </calibration>
      </sensor>
    </sensors>
    <cameras>
      <camera id="181" label="IMG_9465.JPG" sensor_id="3" enabled="true">
        <transform>1.0000000000000000e+000 0.0000000000000000e+000 0.0000000000000000e+000 0.0000000000000000e+000 0.0000000000000000e+000 1.0000000000000000e+000 0.0000000000000000e+000 0.0000000000000000e+000 0.0000000000000000e+000 0.0000000000000000e+000 1.0000000000000000e+000 0.0000000000000000e+000 0.0000000000000000e+000 0.0000000000000000e+000 0.0000000000000000e+000 1.0000000000000000e+000</transform>
        <orientation>6</orientation>
      </camera>
      <camera id="182" label="IMG_9466.JPG" sensor_id="3" enabled="true">
        <transform>9.9625555829341894e-001 8.6456279373867226e-002 -4.1752400632431765e-004 -3.5578706096543601e-002 -8.5112150120810318e-002 9.8159253316080886e-001 1.7097374285181632e-001 -3.6380351427501054e+000 1.5191592124615700e-002 -1.7029800527244643e-001 9.8527549696972838e-001 3.9290425025980952e-001 0.0000000000000000e+000 0.0000000000000000e+000 0.0000000000000000e+000 1.0000000000000000e+000</transform>
        <orientation>6</orientation>
      </camera>
      <camera id="183" label="IMG_9467.JPG" sensor_id="3" enabled="true">
        <transform>9.8375582391447258e-001 1.7884539990221585e-001 1.5453214816781594e-002 -4.2203873500130878e-001 -1.7283878096827207e-001 9.2041740262450056e-001 3.5065447486003881e-001 -7.4351099871608408e+000 4.8489531939984579e-002 -3.4762929663620762e-001 9.3637740116496659e-001 1.5277228868646684e+000 0.0000000000000000e+000 0.0000000000000000e+000 0.0000000000000000e+000 1.0000000000000000e+000</transform>
        <orientation>6</orientation>
      </camera>
      <camera id="184" label="IMG_9468.JPG" sensor_id="3" enabled="true">
        <transform>9.6108197736137124e-001 2.7141585250294264e-001 5.1525409277922200e-002 -1.2382306890282524e+000 -2.5680255821875952e-001 8.0894327257005216e-001 5.2883194670514633e-001 -1.1185256233220871e+001 1.0185224044397431e-001 -5.2148270994708446e-001 8.4716108523868572e-001 3.5039037902118486e+000 0.0000000000000000e+000 0.0000000000000000e+000 0.0000000000000000e+000 1.0000000000000000e+000</transform>
        <orientation>6</orientation>
      </camera>
      <camera id="185" label="IMG_9469.JPG" sensor_id="3" enabled="true">
        <transform>9.3021412185040264e-001 3.5178702154237540e-001 1.0463067898292738e-001 -2.4113959085592627e+000 -3.2523687072121399e-001 6.5801277982236006e-001 6.7914664065569996e-001 -1.4299636978921667e+001 1.7006664997452159e-001 -6.6578155055903621e-001 7.2650689019557757e-001 6.1664290692836996e+000 0.0000000000000000e+000 0.0000000000000000e+000 0.0000000000000000e+000 1.0000000000000000e+000</transform>
        <orientation>6</orientation>
      </camera>
      <camera id="186" label="IMG_9470.JPG" sensor_id="3" enabled="true">
        <transform>8.9112404106812426e-001 4.1856613224956996e-001 1.7521511454224353e-001 -3.9496687410672759e+000 -3.7657722766486279e-001 4.6675825774948393e-001 8.0020392427612619e-001 -1.6783530837883983e+001 2.5315516000007204e-001 -7.7906297675881231e-001 5.7356197852458468e-001 9.4818268814153175e+000 0.0000000000000000e+000 0.0000000000000000e+000 0.0000000000000000e+000 1.0000000000000000e+000</transform>
        <orientation>6</orientation>
      </camera>
      <camera id="187" label="IMG_9471.JPG" sensor_id="3" enabled="true">
        <transform>8.5604380364666732e-001 4.5764838044026007e-001 2.4030598435859402e-001 -5.3589546873674632e+000 -4.0127762740148315e-001 2.9532812015790344e-001 8.6703954188435683e-001 -1.8126830452763528e+001 3.2583012749772283e-001 -8.3865324260054330e-001 4.3645786359099059e-001 1.2430186052426913e+001 0.0000000000000000e+000 0.0000000000000000e+000 0.0000000000000000e+000 1.0000000000000000e+000</transform>
        <orientation>6</orientation>
      </camera>
      <camera id="188" label="IMG_9472.JPG" sensor_id="3" enabled="true">
        <transform>8.2772630965166827e-001 4.7779113212163477e-001 2.9425293605392883e-001 -6.5179787648677188e+000 -4.1004744454264136e-001 1.5705242143911469e-001 8.9844066590073735e-001 -1.8719503711879849e+001 3.8305384678199023e-001 -8.6432064130508746e-001 3.2591345397126875e-001 1.4802736588496396e+001 0.0000000000000000e+000 0.0000000000000000e+000 0.0000000000000000e+000 1.0000000000000000e+000</transform>
        <orientation>6</orientation>
      </camera>
      <camera id="189" label="IMG_9473.JPG" sensor_id="3" enabled="true">
        <transform>7.8868412802402299e-001 4.9097932151763735e-001 3.7002250207935516e-001 -8.1410830960178373e+000 -4.0618747012405199e-001 -3.5666493294310216e-002 9.1309344558501182e-001 -1.8940198129588641e+001 4.6150740548468805e-001 -8.7044081194425116e-001 1.7130005132697490e-001 1.8098438492353175e+001 0.0000000000000000e+000 0.0000000000000000e+000 0.0000000000000000e+000 1.0000000000000000e+000</transform>
        <orientation>6</orientation>
      </camera>
      <camera id="190" label="IMG_9474.JPG" sensor_id="3" enabled="true">
        <transform>7.6752452517436498e-001 4.9175660418125194e-001 4.1119526444256349e-001 -9.1130130981931377e+000 -3.9716823826970021e-001 -1.3869120268497648e-001 9.0720567723506762e-001 -1.8858697713553372e+001 5.0315354889497588e-001 -8.5961630541882950e-001 8.8861204653509995e-002 2.0051442421880754e+001 0.0000000000000000e+000 0.0000000000000000e+000 0.0000000000000000e+000 1.0000000000000000e+000</transform>
        <orientation>6</orientation>
      </camera>
      <camera id="191" label="IMG_9475.JPG" sensor_id="3" enabled="true">
        <transform>7.3505140988315132e-001 4.8205883669414962e-001 4.7677951171781063e-001 -1.0515408039247218e+001 -3.7320540315507689e-001 -2.9941758613200675e-001 8.7810411465311933e-001 -1.8119909122546741e+001 5.6605401852177262e-001 -8.2338835738669836e-001 -4.0180356337234102e-002 2.2796218546430289e+001 0.0000000000000000e+000 0.0000000000000000e+000 0.0000000000000000e+000 1.0000000000000000e+000</transform>
        <orientation>6</orientation>
      </camera>
      <camera id="192" label="IMG_9476.JPG" sensor_id="3" enabled="true">
        <transform>7.0303165779676391e-001 4.5909397658735357e-001 5.4311988436876846e-001 -1.1924010832391362e+001 -3.3654031363102360e-001 -4.5801029703188806e-001 8.2278015600395582e-001 -1.6818055554351066e+001 6.2648791324068365e-001 -7.6122223330245165e-001 -1.6749210754349469e-001 2.5483796079173356e+001 0.0000000000000000e+000 0.0000000000000000e+000 0.0000000000000000e+000 1.0000000000000000e+000</transform>
        <orientation>6</orientation>
      </camera>
      <camera id="193" label="IMG_9477.JPG" sensor_id="3" enabled="true">
        <transform>6.8058546652581975e-001 4.3376681984202153e-001 5.9046572191615976e-001 -1.2923998477511285e+001 -3.0173380503039887e-001 -5.6845683014309356e-001 7.6538457207180710e-001 -1.5507883524849769e+001 6.6765270437234792e-001 -6.9907308506893995e-001 -2.5600134389585727e-001 2.7339387315569791e+001 0.0000000000000000e+000 0.0000000000000000e+000 0.0000000000000000e+000 1.0000000000000000e+000</transform>
        <orientation>6</orientation>
      </camera>
      <camera id="194" label="IMG_9478.JPG" sensor_id="3" enabled="true">
        <transform>6.5404073926217676e-001 3.8299116748114637e-001 6.5234076755696813e-001 -1.3828246097535828e+001 -2.3972058733765067e-001 -7.1297743991486784e-001 6.5893642347265402e-001 -1.3462793520816133e+001 7.1747108052650987e-001 -5.8735077747787945e-001 -3.7450542426546118e-001 2.8913346508986013e+001 0.0000000000000000e+000 0.0000000000000000e+000 0.0000000000000000e+000 1.0000000000000000e+000</transform>
        <orientation>6</orientation>
      </camera>
      <camera id="195" label="IMG_9479.JPG" sensor_id="3" enabled="true">
        <transform>6.2052761900826470e-001 2.8709507712076449e-001 7.2974097510072478e-001 -1.5469336166674021e+001 -1.2997443770591249e-001 -8.8004817265024005e-001 4.5675141965625576e-001 -9.2534551160601382e+000 7.7333829569662871e-001 -3.7827454382762193e-001 -5.0877917597032041e-001 3.1773075174186712e+001 0.0000000000000000e+000 0.0000000000000000e+000 0.0000000000000000e+000 1.0000000000000000e+000</transform>
        <orientation>6</orientation>
      </camera>
      <camera id="196" label="IMG_9480.JPG" sensor_id="3" enabled="true">
        <transform>6.0486055282125273e-001 2.0265184760162980e-001 7.7011423847661387e-001 -1.6333553372500553e+001 -3.8402346243238253e-002 -9.5852947133456468e-001 2.8239424991683926e-001 -5.6183643374846932e+000 7.9540491037193350e-001 -2.0038333575106898e-001 -5.7199435950845778e-001 3.3133575467370939e+001 0.0000000000000000e+000 0.0000000000000000e+000 0.0000000000000000e+000 1.0000000000000000e+000</transform>
        <orientation>6</orientation>
      </camera>
      <camera id="197" label="IMG_9481.JPG" sensor_id="3" enabled="true">
        <transform>5.9871489203482442e-001 1.1768356737208449e-001 7.9226956020429562e-001 -1.6814726757146733e+001 4.9115801016914179e-002 -9.9268002399744160e-001 1.1033588739347565e-001 -2.0199028602525306e+000 7.9945488687367139e-001 -2.7146784837599067e-002 -6.0011243607076348e-001 3.3761995424297233e+001 0.0000000000000000e+000 0.0000000000000000e+000 0.0000000000000000e+000 1.0000000000000000e+000</transform>
        <orientation>6</orientation>
      </camera>
      <camera id="198" label="IMG_9482.JPG" sensor_id="3" enabled="true">
        <transform>6.0182657283669982e-001 1.6922470670028555e-003 7.9862501371262828e-001 -1.6972443016841833e+001 1.6372155930254406e-001 -9.7902040094100395e-001 -1.2130253732243002e-001 2.8366015437314309e+000 7.8166490726344828e-001 2.0375522285620118e-001 -5.8947754996407165e-001 3.3589312423065500e+001 0.0000000000000000e+000 0.0000000000000000e+000 0.0000000000000000e+000 1.0000000000000000e+000</transform>
        <orientation>6</orientation>
      </camera>
      <camera id="199" label="IMG_9483.JPG" sensor_id="3" enabled="true">
        <transform>6.1696014623809792e-001 -1.0740459980607842e-001 7.7963095750127887e-001 -1.6593914570226545e+001 2.6672388896723159e-001 -9.0347811346200912e-001 -3.3553787498481430e-001 7.3396504363014818e+000 7.4041781786236116e-001 4.1495969736303923e-001 -5.2876261645119549e-001 3.2360002634339203e+001 0.0000000000000000e+000 0.0000000000000000e+000 0.0000000000000000e+000 1.0000000000000000e+000</transform>
        <orientation>6</orientation>
      </camera>
      <camera id="200" label="IMG_9484.JPG" sensor_id="3" enabled="true">
        <transform>6.4228453527514751e-001 -2.0537314414986696e-001 7.3843919682556480e-001 -1.5747041022884627e+001 3.5419281701088534e-001 -7.7486492805693008e-001 -5.2357596549614649e-001 1.1304320276718446e+001 6.7971907735790427e-001 5.9783460499483176e-001 -4.2494206775323223e-001 3.0219433198679027e+001 0.0000000000000000e+000 0.0000000000000000e+000 0.0000000000000000e+000 1.0000000000000000e+000</transform>
        <orientation>6</orientation>
      </camera>
      <camera id="201" label="IMG_9485.JPG" sensor_id="3" enabled="true">
        <transform>6.8002398655071405e-001 -2.9242867499679603e-001 6.7234875455770138e-001 -1.4382130357935367e+001 4.2625771903705190e-001 -5.8843708111370507e-001 -6.8705615384167285e-001 1.4765919844889488e+001 5.9654985933868399e-001 7.5380851123478365e-001 -2.7550134974804619e-001 2.7124794134526454e+001 0.0000000000000000e+000 0.0000000000000000e+000 0.0000000000000000e+000 1.0000000000000000e+000</transform>
        <orientation>6</orientation>
      </camera>
      <camera id="202" label="IMG_9486.JPG" sensor_id="3" enabled="true">
        <transform>7.1547922960878996e-001 -3.4668832948361716e-001 6.0654486577521294e-001 -1.3013837689585200e+001 4.6575440517538136e-001 -4.1041249635918592e-001 -7.8398623514188548e-001 1.6830499442669250e+001 5.2073247071614304e-001 8.4342681071452785e-001 -1.3217000003700202e-001 2.4139574677754378e+001 0.0000000000000000e+000 0.0000000000000000e+000 0.0000000000000000e+000 1.0000000000000000e+000</transform>
        <orientation>6</orientation>
      </camera>
      <camera id="203" label="IMG_9487.JPG" sensor_id="3" enabled="true">
        <transform>7.6641822535377924e-001 -3.9174959731088083e-001 5.0905339292880358e-001 -1.0984067388284899e+001 4.8915648821020824e-001 -1.5769848313246737e-001 -8.5782114596200965e-001 1.8429911002436576e+001 4.1632803639368388e-001 9.0645653035569318e-001 7.0763865694985245e-002 1.9902381832309857e+001 0.0000000000000000e+000 0.0000000000000000e+000 0.0000000000000000e+000 1.0000000000000000e+000</transform>
        <orientation>6</orientation>
      </camera>
      <camera id="204" label="IMG_9488.JPG" sensor_id="3" enabled="true">
        <transform>8.1310273232852059e-001 -4.0633399867568298e-001 4.1684125059802341e-001 -9.0563940749630341e+000 4.8348360906252930e-001 7.2588458743624767e-002 -8.7233853258072713e-001 1.8786040588495215e+001 3.2420294022072876e-001 9.1083675660211205e-001 2.5547770230448558e-001 1.6035081855543655e+001 0.0000000000000000e+000 0.0000000000000000e+000 0.0000000000000000e+000 1.0000000000000000e+000</transform>
        <orientation>6</orientation>
      </camera>
      <camera id="205" label="IMG_9489.JPG" sensor_id="3" enabled="true">
        <transform>8.5376720268407424e-001 -3.9881100122996233e-001 3.3471084374272342e-001 -7.3371147200509519e+000 4.5888983184984217e-001 2.7268204183592570e-001 -8.4561493972434865e-001 1.8271592013834340e+001 2.4597090447009051e-001 8.7555370443973635e-001 4.1581729737472461e-001 1.2668346489707666e+001 0.0000000000000000e+000 0.0000000000000000e+000 0.0000000000000000e+000 1.0000000000000000e+000</transform>
        <orientation>6</orientation>
      </camera>
      <camera id="206" label="IMG_9490.JPG" sensor_id="3" enabled="true">
        <transform>8.8737519855196934e-001 -3.7769874700047606e-001 2.6440293778459262e-001 -5.8572302826355127e+000 4.2331661326800946e-001 4.4024383015255941e-001 -7.9182600042175111e-001 1.7178091692646351e+001 1.8266992616781591e-001 8.1457291050394909e-001 5.5054761060871926e-001 9.8303254673480360e+000 0.0000000000000000e+000 0.0000000000000000e+000 0.0000000000000000e+000 1.0000000000000000e+000</transform>
        <orientation>6</orientation>
      </camera>
      <camera id="207" label="IMG_9491.JPG" sensor_id="3" enabled="true">
        <transform>9.3469658767179686e-001 -3.1623076716454807e-001 1.6229723008486724e-001 -3.7070939653519641e+000 3.4185455935249492e-001 6.7471523839826841e-001 -6.5413668856216844e-001 1.4346892231764356e+001 9.7353732566401729e-002 6.6690137874478062e-001 7.3875896054376244e-001 5.8546233914004029e+000 0.0000000000000000e+000 0.0000000000000000e+000 0.0000000000000000e+000 1.0000000000000000e+000</transform>
        <orientation>6</orientation>
      </camera>
      <camera id="208" label="IMG_9492.JPG" sensor_id="3" enabled="true">
        <transform>9.6267927777316320e-001 -2.5199014678552012e-001 9.8739931482420301e-002 -2.3605220638371143e+000 2.6603253798314042e-001 8.1398329321235063e-001 -5.1638927865073414e-001 1.1489639642183786e+001 4.9752355526044949e-002 5.2338529239384302e-001 8.5064242712518257e-001 3.4791646665643619e+000 0.0000000000000000e+000 0.0000000000000000e+000 0.0000000000000000e+000 1.0000000000000000e+000</transform>
        <orientation>6</orientation>
      </camera>
      <camera id="209" label="IMG_9493.JPG" sensor_id="3" enabled="true">
        <transform>9.7917299771416333e-001 -1.9405099125795330e-001 5.9703042964867101e-002 -1.5301456020262174e+000 2.0168124377578303e-001 8.9586269285335962e-001 -3.9592260792051320e-001 8.9839258072713726e+000 2.3343445686363873e-002 3.9971771082269164e-001 9.1634100377433447e-001 2.0771950933353782e+000 0.0000000000000000e+000 0.0000000000000000e+000 0.0000000000000000e+000 1.0000000000000000e+000</transform>
        <orientation>6</orientation>
      </camera>
      <camera id="210" label="IMG_9494.JPG" sensor_id="3" enabled="true">
        <transform>9.9003363175067349e-001 -1.3720532290021836e-001 3.1750706612901920e-002 -9.3308462170474959e-001 1.4059836810861548e-001 9.4999337888402169e-001 -2.7882732821894235e-001 6.5427810076688440e+000 8.0936325445392174e-003 2.8051252992400594e-001 9.5981623953122797e-001 1.1422629345474755e+000 0.0000000000000000e+000 0.0000000000000000e+000 0.0000000000000000e+000 1.0000000000000000e+000</transform>
        <orientation>6</orientation>
      </camera>
      <camera id="211" label="IMG_9495.JPG" sensor_id="3" enabled="true">
        <transform>9.9672793650385560e-001 -7.9885404593625933e-002 1.2318389735622534e-002 -5.1338085168564962e-001 8.0825345053062950e-002 9.8347398622175430e-001 -1.6200673449627337e-001 4.1020859722548959e+000 8.2715767500110473e-004 1.6247227627507835e-001 9.8671276228301374e-001 5.5439652536350736e-001 0.0000000000000000e+000 0.0000000000000000e+000 0.0000000000000000e+000 1.0000000000000000e+000</transform>
        <orientation>6</orientation>
      </camera>
      <camera id="212" label="IMG_9498.JPG" sensor_id="3" enabled="true">
        <transform>9.9655285450403097e-001 -8.1779642873340261e-002 1.3946260838536943e-002 -5.3849365060691767e-001 8.2960091345684731e-002 9.8272751499038213e-001 -1.6542144517789648e-001 3.5591290806895843e+000 -1.7726754702288450e-004 1.6600819646131060e-001 9.8612435690630806e-001 6.4238182935929455e-001 0.0000000000000000e+000 0.0000000000000000e+000 0.0000000000000000e+000 1.0000000000000000e+000</transform>
        <orientation>6</orientation>
      </camera>
      <camera id="213" label="IMG_9499.JPG" sensor_id="3" enabled="true">
        <transform>9.9977050636181730e-001 -2.1396808367719136e-002 1.0541350532403617e-003 -2.9173539913894253e-001 2.1422373775809848e-002 9.9883659879155795e-001 -4.3203365798532449e-002 1.0136588990299804e+000 -1.2849453241389026e-004 4.3216032976054301e-002 9.9906574257301395e-001 4.2429201659623178e-001 0.0000000000000000e+000 0.0000000000000000e+000 0.0000000000000000e+000 1.0000000000000000e+000</transform>
        <orientation>6</orientation>
      </camera>
      <camera id="214" label="IMG_9500.JPG" sensor_id="3" enabled="true">
        <transform>9.9510777820035601e-001 9.8773012591825679e-002 -2.0980344816597454e-003 -2.7212916025430128e-001 -9.6445802985609022e-002 9.7582741820722796e-001 1.9610980842751594e-001 -3.9429056168096746e+000 2.1417676148739323e-002 -1.9494804912732763e-001 9.8057969655191046e-001 8.9589783049967209e-001 0.0000000000000000e+000 0.0000000000000000e+000 0.0000000000000000e+000 1.0000000000000000e+000</transform>
        <orientation>6</orientation>
      </camera>
      <camera id="215" label="IMG_9501.JPG" sensor_id="3" enabled="true">
        <transform>9.8270428245588293e-001 1.8463039838886286e-001 1.4279679045341793e-002 -6.4600234863571115e-001 -1.7711253657096943e-001 9.1456980451138103e-001 3.6358385836751783e-001 -7.3921966874218752e+000 5.4068869345171217e-002 -3.5982452482673277e-001 9.3145202168493402e-001 1.9766227674674484e+000 0.0000000000000000e+000 0.0000000000000000e+000 0.0000000000000000e+000 1.0000000000000000e+000</transform>
        <orientation>6</orientation>
      </camera>
      <camera id="216" label="IMG_9673.JPG" sensor_id="4" enabled="true">
        <transform>7.0137164150305664e-001 5.9263799568861630e-001 -3.9605306028547249e-001 1.0529153528773303e+001 7.0784740471281160e-001 -5.1373366791826025e-001 4.8479869027111477e-001 -1.2979303339963431e+001 8.3844332764032081e-002 -6.2036918404562180e-001 -7.7981549314560550e-001 4.2032868330095901e+001 0.0000000000000000e+000 0.0000000000000000e+000 0.0000000000000000e+000 1.0000000000000000e+000</transform>
        <orientation>1</orientation>
      </camera>
      <camera id="217" label="IMG_9674.JPG" sensor_id="4" enabled="true">
        <transform>5.3680968243655336e-001 6.5251072660108733e-001 -5.3485055530763703e-001 1.4264753666108280e+001 8.4348664210737423e-001 -4.2942358751874687e-001 3.2268508962912340e-001 -8.7521611584028740e+000 -1.9121961949363053e-002 -6.2435977941652365e-001 -7.8090282136649825e-001 4.2119090932886806e+001 0.0000000000000000e+000 0.0000000000000000e+000 0.0000000000000000e+000 1.0000000000000000e+000</transform>
        <orientation>1</orientation>
      </camera>
      <camera id="218" label="IMG_9675.JPG" sensor_id="4" enabled="true">
        <transform>3.5629662164947118e-001 6.8961615871742843e-001 -6.3046195050692111e-001 1.6863979391115052e+001 9.2758030989029916e-001 -3.4226595872771159e-001 1.4982917673142629e-001 -4.2130371580040222e+000 -1.1246104261027340e-001 -6.3818772091918130e-001 -7.6162257500877129e-001 4.1649629412831686e+001 0.0000000000000000e+000 0.0000000000000000e+000 0.0000000000000000e+000 1.0000000000000000e+000</transform>
        <orientation>1</orientation>
      </camera>
      <camera id="219" label="IMG_9676.JPG" sensor_id="4" enabled="true">
        <transform>6.9452888624795928e-002 7.0991349333028719e-001 -7.0085599679909949e-001 1.8827516340534395e+001 9.6987755437278034e-001 -2.1248252401996282e-001 -1.1911635702110734e-001 2.8857678991700535e+000 -2.3348196030003154e-001 -6.7147152506542951e-001 -7.0328668780289072e-001 4.0143927635640480e+001 0.0000000000000000e+000 0.0000000000000000e+000 0.0000000000000000e+000 1.0000000000000000e+000</transform>
        <orientation>1</orientation>
      </camera>
      <camera id="220" label="IMG_9677.JPG" sensor_id="4" enabled="true">
        <transform>-2.9912135890613423e-001 6.7769864559836834e-001 -6.7175215548614697e-001 1.8195717416451728e+001 8.8935972546800357e-001 -5.7103777444322601e-002 -4.5362808259307119e-001 1.1760011929657342e+001 -3.4578272276333405e-001 -7.3311916108892294e-001 -5.8563692189158378e-001 3.7068543574701287e+001 0.0000000000000000e+000 0.0000000000000000e+000 0.0000000000000000e+000 1.0000000000000000e+000</transform>
        <orientation>1</orientation>
      </camera>
    </cameras>
    <region>
      <center>2.0874931604974911e-001 -4.2918413847969905e-002 2.1520111496480361e+001</center>
      <size>1.2699098587036133e+001 9.7229261398315430e+000 7.8989005088806152e+000</size>
      <R>-8.8327176937046326e-001 -1.6354816498322666e-001 -4.3941208354321626e-001 -1.8377215929606197e-001 9.8296246360472084e-001 3.5480433763859735e-003 4.3134530819383449e-001 8.3885593964382013e-002 -8.9827859388076747e-001</R>
    </region>
    <settings>
      <property name="accuracy_tiepoints" value="4.0000000000000000e+000"/>
      <property name="accuracy_cameras" value="1.0000000000000000e+001"/>
      <property name="accuracy_markers" value="5.0000000000000001e-003"/>
      <property name="accuracy_scalebars" value="1.0000000000000000e-003"/>
      <property name="accuracy_projections" value="1.0000000000000001e-001"/>
    </settings>
  </chunk>
</document>
