# Bundle file v0.3
40 5076
8.2105031392e+003 -4.8825643532e-002 2.1095416866e-001
1.0000000000e+000 0.0000000000e+000 0.0000000000e+000
0.0000000000e+000 -1.0000000000e+000 0.0000000000e+000
0.0000000000e+000 0.0000000000e+000 -1.0000000000e+000
-0.0000000000e+000 0.0000000000e+000 0.0000000000e+000
8.2105031392e+003 -4.8825643532e-002 2.1095416866e-001
9.9625555829e-001 -8.5112150121e-002 1.5191592125e-002
-8.6456279374e-002 -9.8159253316e-001 1.7029800527e-001
4.1752400632e-004 -1.7097374285e-001 -9.8527549697e-001
-2.8016435062e-001 -3.6410549441e+000 -2.3487469958e-001
8.2105031392e+003 -4.8825643532e-002 2.1095416866e-001
9.8375582391e-001 -1.7283878097e-001 4.8489531940e-002
-1.7884539990e-001 -9.2041740262e-001 3.4762929664e-001
-1.5453214817e-002 -3.5065447486e-001 -9.3637740116e-001
-9.4397085079e-001 -7.4499655416e+000 -1.1831512568e+000
8.2105031392e+003 -4.8825643532e-002 2.1095416866e-001
9.6108197736e-001 -2.5680255822e-001 1.0185224044e-001
-2.7141585250e-001 -8.0894327257e-001 5.2148270995e-001
-5.1525409278e-002 -5.2883194671e-001 -8.4716108524e-001
-2.0392416673e+000 -1.1211538464e+001 -3.0105502338e+000
8.2105031392e+003 -4.8825643532e-002 2.1095416866e-001
9.3021412185e-001 -3.2523687072e-001 1.7006664997e-001
-3.5178702154e-001 -6.5801277982e-001 6.6578155056e-001
-1.0463067898e-001 -6.7914664066e-001 -7.2650689020e-001
-3.4563585901e+000 -1.4363136371e+001 -5.4839032013e+000
8.2105031392e+003 -4.8825643532e-002 2.1095416866e-001
8.9112404107e-001 -3.7657722766e-001 2.5315516000e-001
-4.1856613225e-001 -4.6675825775e-001 7.7906297676e-001
-1.7521511454e-001 -8.0020392428e-001 -5.7356197852e-001
-5.2010241452e+000 -1.6873989457e+001 -8.6838735144e+000
8.2105031392e+003 -4.8825643532e-002 2.1095416866e-001
8.5604380365e-001 -4.0127762740e-001 3.2583012750e-001
-4.5764838044e-001 -2.9532812016e-001 8.3865324260e-001
-2.4030598436e-001 -8.6703954188e-001 -4.3645786359e-001
-6.7365206685e+000 -1.8230495535e+001 -1.1579215204e+001
8.2105031392e+003 -4.8825643532e-002 2.1095416866e-001
8.2772630965e-001 -4.1004744454e-001 3.8305384678e-001
-4.7779113212e-001 -1.5705242144e-001 8.6432064131e-001
-2.9425293605e-001 -8.9844066590e-001 -3.2591345397e-001
-7.9510273439e+000 -1.8848486621e+001 -1.3911886759e+001
8.2105031392e+003 -4.8825643532e-002 2.1095416866e-001
7.8868412802e-001 -4.0618747012e-001 4.6150740548e-001
-4.9097932152e-001 3.5666493294e-002 8.7044081194e-001
-3.7002250208e-001 -9.1309344559e-001 -1.7130005133e-001
-9.6250915311e+000 -1.9075192502e+001 -1.7206291264e+001
8.2105031392e+003 -4.8825643532e-002 2.1095416866e-001
7.6752452517e-001 -3.9716823827e-001 5.0315354889e-001
-4.9175660418e-001 1.3869120268e-001 8.5961630542e-001
-4.1119526444e-001 -9.0720567724e-001 -8.8861204654e-002
-1.0584569111e+001 -1.9102395761e+001 -1.9074150133e+001
8.2105031392e+003 -4.8825643532e-002 2.1095416866e-001
7.3505140988e-001 -3.7320540316e-001 5.6605401852e-001
-4.8205883669e-001 2.9941758613e-001 8.2338835739e-001
-4.7677951172e-001 -8.7810411465e-001 4.0180356337e-002
-1.1936973600e+001 -1.8413766860e+001 -2.1840658052e+001
8.2105031392e+003 -4.8825643532e-002 2.1095416866e-001
7.0303165780e-001 -3.3654031363e-001 6.2648791324e-001
-4.5909397659e-001 4.5801029703e-001 7.6122223330e-001
-5.4311988437e-001 -8.2278015600e-001 1.6749210754e-001
-1.3242286815e+001 -1.7170231094e+001 -2.4582064471e+001
8.2105031392e+003 -4.8825643532e-002 2.1095416866e-001
6.8058546653e-001 -3.0173380503e-001 6.6765270437e-001
-4.3376681984e-001 5.6845683014e-001 6.9907308507e-001
-5.9046572192e-001 -7.6538457207e-001 2.5600134390e-001
-1.4136583048e+001 -1.5902669243e+001 -2.6499592781e+001
8.2105031392e+003 -4.8825643532e-002 2.1095416866e-001
6.5404073926e-001 -2.3972058734e-001 7.1747108053e-001
-3.8299116748e-001 7.1297743991e-001 5.8735077748e-001
-6.5234076756e-001 -6.5893642347e-001 3.7450542427e-001
-1.4927562431e+001 -1.2679704610e+001 -2.8720058787e+001
8.2105031392e+003 -4.8825643532e-002 2.1095416866e-001
6.2052761901e-001 -1.2997443771e-001 7.7333829570e-001
-2.8709507712e-001 8.8004817265e-001 3.7827454383e-001
-7.2974097510e-001 -4.5675141966e-001 5.0877917597e-001
-1.6174898091e+001 -8.3166295117e+000 -3.1680616225e+001
8.2105031392e+003 -4.8825643532e-002 2.1095416866e-001
6.0486055282e-001 -3.8402346243e-002 7.9540491037e-001
-2.0265184760e-001 9.5852947133e-001 2.0038333575e-001
-7.7011423848e-001 -2.8239424992e-001 5.7199435951e-001
-1.6690844875e+001 -4.5640733482e+000 -3.3117514078e+001
8.2105031392e+003 -4.8825643532e-002 2.1095416866e-001
5.9871489203e-001 4.9115801017e-002 7.9945488687e-001
-1.1768356737e-001 9.9268002400e-001 2.7146784838e-002
-7.9226956020e-001 -1.1033588739e-001 6.0011243607e-001
-1.6824755771e+001 -8.9022943485e-001 -3.3805657268e+001
8.2105031392e+003 -4.8825643532e-002 2.1095416866e-001
6.0182657284e-001 1.6372155930e-001 7.8166490726e-001
-1.6922470670e-003 9.7902040094e-001 -2.0375522286e-001
-7.9862501371e-001 1.2130253732e-001 5.8947754996e-001
-1.6505532395e+001 4.0381854908e+000 -3.3698850094e+001
8.2105031392e+003 -4.8825643532e-002 2.1095416866e-001
6.1696014624e-001 2.6672388897e-001 7.4041781786e-001
1.0740459981e-001 9.0347811346e-001 -4.1495969736e-001
-7.7963095750e-001 3.3553787498e-001 5.2876261645e-001
-1.5679798685e+001 8.5791461238e+000 -3.2510619877e+001
8.2105031392e+003 -4.8825643532e-002 2.1095416866e-001
6.4228453528e-001 3.5419281701e-001 6.7971907736e-001
2.0537314415e-001 7.7486492806e-001 -5.9783460499e-001
-7.3843919683e-001 5.2357596550e-001 4.2494206775e-001
-1.4430553370e+001 1.2540920917e+001 -3.0388411158e+001
8.2105031392e+003 -4.8825643532e-002 2.1095416866e-001
6.8002398655e-001 4.2625771904e-001 5.9654985934e-001
2.9242867500e-001 5.8843708111e-001 -7.5380851123e-001
-6.7234875456e-001 6.8705615384e-001 2.7550134975e-001
-1.2695185817e+001 1.5963833235e+001 -2.7287740926e+001
8.2105031392e+003 -4.8825643532e-002 2.1095416866e-001
7.1547922961e-001 4.6575440518e-001 5.2073247072e-001
3.4668832948e-001 4.1041249636e-001 -8.4342681071e-001
-6.0654486578e-001 7.8398623514e-001 1.3217000004e-001
-1.1098009056e+001 1.7964262840e+001 -2.4278883914e+001
8.2105031392e+003 -4.8825643532e-002 2.1095416866e-001
7.6641822535e-001 4.8915648821e-001 4.1632803639e-001
3.9174959731e-001 1.5769848313e-001 -9.0645653036e-001
-5.0905339293e-001 8.5782114596e-001 -7.0763865695e-002
-8.8826406569e+000 1.9437278948e+001 -1.9992674673e+001
8.2105031392e+003 -4.8825643532e-002 2.1095416866e-001
8.1310273233e-001 4.8348360906e-001 3.2420294022e-001
4.0633399868e-001 -7.2588458744e-002 -9.1083675660e-001
-4.1684125060e-001 8.7233853258e-001 -2.5547770230e-001
-6.9175846206e+000 1.9648912499e+001 -1.6066259843e+001
8.2105031392e+003 -4.8825643532e-002 2.1095416866e-001
8.5376720268e-001 4.5888983185e-001 2.4597090447e-001
3.9881100123e-001 -2.7268204184e-001 -8.7555370444e-001
-3.3471084374e-001 8.4561493972e-001 -4.1581729737e-001
-5.2365045208e+000 1.9000274784e+001 -1.2638825438e+001
8.2105031392e+003 -4.8825643532e-002 2.1095416866e-001
8.8737519855e-001 4.2331661327e-001 1.8266992617e-001
3.7769874700e-001 -4.4024383015e-001 -8.1457291050e-001
-2.6440293778e-001 7.9182600042e-001 -5.5054761061e-001
-3.8699155400e+000 1.7782334247e+001 -9.7386663363e+000
8.2105031392e+003 -4.8825643532e-002 2.1095416866e-001
9.3469658767e-001 3.4185455935e-001 9.7353732566e-002
3.1623076716e-001 -6.7471523840e-001 -6.6690137874e-001
-1.6229723008e-001 6.5413668856e-001 -7.3875896054e-001
-2.0095118823e+000 1.4756820393e+001 -5.6613241669e+000
8.2105031392e+003 -4.8825643532e-002 2.1095416866e-001
9.6267927777e-001 2.6603253798e-001 4.9752355526e-002
2.5199014679e-001 -8.1398329321e-001 -5.2338529239e-001
-9.8739931482e-002 5.1638927865e-001 -8.5064242713e-001
-9.5728895636e-001 1.1768146631e+001 -3.2066794373e+000
8.2105031392e+003 -4.8825643532e-002 2.1095416866e-001
9.7917299771e-001 2.0168124378e-001 2.3343445686e-002
1.9405099126e-001 -8.9586269285e-001 -3.9971771082e-001
-5.9703042965e-002 3.9592260792e-001 -9.1634100377e-001
-3.6210096557e-001 9.1755819046e+000 -1.7448746467e+000
8.2105031392e+003 -4.8825643532e-002 2.1095416866e-001
9.9003363175e-001 1.4059836811e-001 8.0936325445e-003
1.3720532290e-001 -9.4999337888e-001 -2.8051252992e-001
-3.1750706613e-002 2.7882732822e-001 -9.5981623953e-001
-5.3642322747e-003 6.6640418792e+000 -7.5756972917e-001
8.2105031392e+003 -4.8825643532e-002 2.1095416866e-001
9.9672793650e-001 8.0825345053e-002 8.2715767500e-004
7.9885404594e-002 -9.8347398622e-001 -1.6247227628e-001
-1.2318389736e-002 1.6200673450e-001 -9.8671276228e-001
1.7968994946e-001 4.1653805454e+000 -1.2385945146e-001
8.2105031392e+003 -4.8825643532e-002 2.1095416866e-001
9.9655285450e-001 8.2960091346e-002 -1.7726754702e-004
8.1779642873e-002 -9.8272751499e-001 -1.6600819646e-001
-1.3946260839e-002 1.6542144518e-001 -9.8612435691e-001
2.4148558445e-001 3.6483325444e+000 3.7202119352e-002
8.2105031392e+003 -4.8825643532e-002 2.1095416866e-001
9.9977050636e-001 2.1422373776e-002 -1.2849453241e-004
2.1396808368e-002 -9.9883659879e-001 -4.3216032976e-002
-1.0541350532e-003 4.3203365799e-002 -9.9906574257e-001
2.7000798711e-001 1.0370580313e+000 3.7979461391e-001
8.2105031392e+003 -4.8825643532e-002 2.1095416866e-001
9.9510777820e-001 -9.6445802986e-002 2.1417676149e-002
-9.8773012592e-002 -9.7582741821e-001 1.9494804913e-001
2.0980344817e-003 -1.9610980843e-001 -9.8057969655e-001
-1.2866690386e-001 -4.0491279595e+000 1.0582769397e-001
8.2105031392e+003 -4.8825643532e-002 2.1095416866e-001
9.8270428246e-001 -1.7711253657e-001 5.4068869345e-002
-1.8463039839e-001 -9.1456980451e-001 3.5982452483e-001
-1.4279679045e-002 -3.6358385837e-001 -9.3145202168e-001
-7.8129518982e-001 -7.5911888984e+000 -8.5577882676e-001
1.0408033097e+004 4.1463520712e-002 -3.5853818398e-001
7.0137164150e-001 7.0784740471e-001 8.3844332764e-002
-5.9263799569e-001 5.1373366792e-001 6.2036918405e-001
3.9605306029e-001 -4.8479869027e-001 7.7981549315e-001
-1.7217013092e+000 -1.3168014674e+001 -4.3240334682e+001
1.0408033097e+004 4.1463520712e-002 -3.5853818398e-001
5.3680968244e-001 8.4348664211e-001 -1.9121961949e-002
-6.5251072660e-001 4.2942358752e-001 6.2435977942e-001
5.3485055531e-001 -3.2268508963e-001 7.8090282137e-001
5.3027279531e-001 -1.3231177101e+001 -4.3344620270e+001
1.0408033097e+004 4.1463520712e-002 -3.5853818398e-001
3.5629662165e-001 9.2758030989e-001 -1.1246104261e-001
-6.8961615872e-001 3.4226595873e-001 6.3818772092e-001
6.3046195051e-001 -1.4982917673e-001 7.6162257501e-001
2.5833121761e+000 -1.3508630182e+001 -4.2984631231e+001
1.0408033097e+004 4.1463520712e-002 -3.5853818398e-001
6.9452888625e-002 9.6987755437e-001 -2.3348196030e-001
-7.0991349333e-001 2.1248252402e-001 6.7147152507e-001
7.0085599680e-001 1.1911635702e-001 7.0328668780e-001
5.2664160105e+000 -1.4202771663e+001 -4.1771809794e+001
1.0408033097e+004 4.1463520712e-002 -3.5853818398e-001
-2.9912135891e-001 8.8935972547e-001 -3.4578272276e-001
-6.7769864560e-001 5.7103777444e-002 7.3311916109e-001
6.7175215549e-001 4.5362808259e-001 5.8563692189e-001
7.8015086648e+000 -1.5515987623e+001 -3.9266391816e+001
-2.6601274014e+000 3.9994949102e-001 1.9621234894e+001
101 76 53
8 0 0 -1044.7716 -130.3142 1 0 -1046.1925 -156.2600 2 0 -1049.9989 -180.5638 3 0 -1055.6107 -204.7532 4 0 -1064.1664 -224.2781 32 0 -951.0419 -77.4952 33 0 -954.3455 -113.4304 34 0 -957.6744 -135.6859
4.2658219337e+000 5.5284070969e-001 2.0624677658e+001
138 110 73
13 0 2 1763.2144 -182.8540 1 2 1749.6353 -375.9324 2 2 1709.8696 -575.8174 3 2 1637.5933 -767.6328 4 2 1546.5684 -924.5293 27 0 1764.1006 664.4325 28 0 1814.8804 538.1036 29 0 1849.2964 411.4281 30 1 1870.1597 282.0255 31 1 1901.7251 48.7908 32 2 1911.2935 -91.0499 33 2 1894.3022 -364.3459 34 1 1853.4155 -553.2930
3.5194411278e+000 8.7921088934e-001 2.0385118484e+001
146 104 51
15 0 3 1483.1543 -316.6182 1 3 1454.2280 -498.4473 2 3 1400.8860 -679.2144 3 3 1319.3789 -843.6885 4 3 1224.4368 -969.3601 25 0 1363.9236 857.2630 26 0 1479.3303 702.1031 27 1 1543.6416 546.3395 28 1 1578.1777 409.5908 29 1 1597.8218 277.9094 30 2 1604.9692 146.9229 31 2 1635.2119 -91.1819 32 3 1631.2378 -228.9149 33 3 1591.4473 -486.6414 34 2 1537.9058 -656.6125
-1.5148450136e+000 8.7214803696e-001 1.8895824432e+001
117 67 25
10 0 4 -590.2058 -342.1626 1 4 -612.9230 -458.9814 2 4 -646.3240 -568.2844 3 4 -690.4504 -661.8774 29 2 -475.0769 181.2532 30 3 -481.5601 88.4672 31 3 -466.7219 -172.1788 32 4 -478.7791 -267.0354 33 4 -512.3137 -433.8884 34 3 -545.3667 -536.4514
-1.9001293182e-001 9.0634655952e-001 1.9330133438e+001
65 42 31
11 0 5 -12.9656 -348.0044 1 5 -38.9905 -479.3184 2 5 -78.7432 -604.3047 26 1 69.7900 544.1268 27 2 94.7124 407.5894 28 2 104.8210 294.8695 29 3 106.5430 189.8085 30 4 102.2939 88.0221 32 5 110.0901 -270.3961 33 5 71.5977 -457.5613 34 4 32.3479 -574.9336
3.8864612579e+000 9.8029154539e-001 2.0511636734e+001
160 120 54
12 0 6 1621.4492 -355.4690 1 6 1587.1426 -538.2275 2 6 1528.1392 -718.6384 26 2 1625.3457 685.3002 27 3 1690.8057 521.6273 28 3 1724.7725 379.8359 29 4 1743.1797 243.5419 30 5 1748.1719 110.0709 31 4 1779.6729 -127.6849 32 6 1772.6104 -267.6909 33 6 1725.9927 -528.2498 34 5 1666.7559 -696.8003
-1.8717628717e+000 -3.2813479900e+000 1.9735692978e+001
173 117 39
9 0 7 -709.9106 1399.9956 1 7 -603.7069 1367.6245 2 7 -491.6021 1263.8872 29 5 -793.7744 1627.5967 30 6 -720.6608 1682.2792 31 5 -713.0139 1452.7787 32 7 -637.0675 1477.4078 33 7 -483.9839 1440.7150 34 6 -374.6541 1337.1890
-5.0175029039e-001 -3.2853832245e+000 2.0460788727e+001
112 73 55
10 1 8 -9.8140 1323.3240 2 8 121.1882 1224.1454 3 5 247.5427 1031.7051 4 4 351.8064 762.5894 28 4 -324.7466 1484.7445 29 6 -241.0386 1567.9945 30 7 -157.2490 1623.0111 32 8 -55.6648 1426.6005 33 8 122.7107 1393.3623 34 7 249.9714 1294.1285
-2.0346825123e+000 -3.0460634232e+000 1.9628084183e+001
141 90 37
9 0 8 -781.6821 1309.7393 1 9 -685.4177 1271.3657 2 9 -584.2871 1165.9343 27 4 -992.0903 1371.3685 28 5 -921.0726 1479.5625 29 7 -852.6304 1554.5710 30 8 -785.2855 1601.0315 31 6 -777.9552 1368.9017 34 8 -469.9417 1236.1875
-2.2837579250e+000 -2.9817843437e+000 1.9516016006e+001
116 66 16
9 0 9 -891.9042 1289.6099 1 10 -799.4536 1251.1599 27 5 -1087.9315 1358.5125 28 6 -1020.1394 1465.5306 29 8 -955.6880 1538.5106 30 9 -891.4071 1584.4877 31 7 -884.5039 1350.5272 32 9 -818.2642 1367.8972 33 9 -685.6161 1321.3795
-2.2449555397e+000 -2.9522509575e+000 1.9535188675e+001
113 65 17
9 0 10 -874.4861 1276.2502 1 11 -782.8320 1236.9427 2 10 -687.2943 1133.3186 29 9 -937.7485 1526.3015 30 10 -873.5111 1571.2583 31 8 -867.6691 1337.7690 32 10 -800.8213 1353.5507 33 10 -668.3231 1306.8378 34 9 -575.2085 1203.2625
-1.0996049643e-001 -3.0769569874e+000 2.0668340683e+001
142 97 59
13 0 11 24.0381 1258.2273 1 12 144.0732 1225.5527 2 11 271.2473 1127.6366 3 6 393.8655 943.0039 4 5 495.0237 688.3920 27 6 -244.5833 1293.9124 28 7 -159.7991 1403.7720 29 10 -77.2192 1479.7925 30 11 4.4939 1529.1943 31 9 17.6848 1308.3191 32 11 104.3564 1328.9368 33 11 278.0586 1292.4775 34 10 401.8354 1194.8311
-2.6236259937e+000 -2.8268923759e+000 1.9372156143e+001
156 99 31
9 0 13 -1043.0231 1233.1766 1 14 -959.5221 1194.6631 2 13 -872.9042 1093.1747 28 9 -1152.5453 1421.5594 29 12 -1093.3754 1490.0464 30 13 -1035.2782 1532.7308 31 11 -1029.5259 1296.9244 33 13 -850.3922 1264.1672 34 12 -765.4200 1163.1045
1.7297635972e-001 -2.9801738262e+000 2.0815208435e+001
135 95 60
4 0 14 136.0762 1211.5250 1 15 255.0659 1177.5198 2 14 381.6255 1080.9648 33 14 390.9065 1243.0798
-2.6677169800e+000 -2.7453446388e+000 1.9371578217e+001
179 121 41
11 0 15 -1060.6362 1198.6215 1 16 -980.0327 1160.2207 2 15 -896.6150 1061.3297 3 8 -818.2474 881.5428 28 10 -1167.9261 1391.5997 29 13 -1109.5079 1457.8660 30 14 -1051.9421 1498.7338 31 12 -1046.0532 1262.4855 32 13 -987.6584 1275.7843 33 15 -871.6298 1229.4298 34 13 -790.1173 1130.6104
-2.6005067825e+000 -2.6483092308e+000 1.9401473999e+001
143 97 47
11 0 16 -1030.8546 1156.1217 1 17 -951.9521 1116.1387 2 16 -870.9764 1017.2969 3 9 -795.0167 840.4006 4 6 -736.1721 604.8558 29 14 -1075.4672 1420.1998 30 15 -1020.0663 1458.4296 31 13 -1013.8589 1221.8885 32 14 -956.5321 1232.8760 33 16 -843.3374 1183.7372 34 14 -764.3370 1085.4359
1.0734362528e-002 -2.4094505310e+000 2.0755390167e+001
116 82 57
12 0 20 72.3015 989.2411 1 21 169.8623 950.3940 2 20 271.3867 858.7516 3 10 367.6907 698.8811 27 10 -139.2739 1101.5085 28 13 -66.1233 1185.2285 29 18 4.0886 1240.1959 30 19 72.6731 1272.9933 31 16 86.2124 1049.8171 32 18 158.4622 1058.3279 33 20 300.0952 1010.7251 34 18 399.1321 920.2568
-2.5581431389e+000 -2.2437255383e+000 1.9492017746e+001
68 41 24
14 0 21 -1007.2429 980.5574 1 22 -939.9100 941.9252 2 21 -870.0903 851.8833 3 11 -805.5728 696.0945 4 7 -756.7777 492.1377 26 3 -1201.4609 992.8692 27 11 -1139.7606 1125.5977 28 14 -1087.0852 1204.9963 29 19 -1037.0557 1256.6785 30 20 -987.2887 1286.1240 31 17 -981.0618 1048.9835 32 19 -930.5035 1054.5448 33 21 -832.4329 1005.3684 34 19 -765.2489 916.4446
-1.9396506548e+000 -2.1224193573e+000 1.9226377487e+001
65 46 38
13 0 23 -759.9308 942.7562 1 24 -690.4718 858.7900 2 23 -623.8546 720.7133 3 13 -567.2543 516.7201 26 4 -980.4348 1115.3953 27 13 -906.4712 1216.1910 28 15 -846.2795 1267.7244 29 20 -791.3257 1291.5873 30 22 -739.0422 1292.9282 31 18 -729.6997 1052.3374 32 21 -677.4852 1027.4243 33 23 -577.4922 914.9210 34 21 -512.9336 779.4956
-1.4583988190e+000 -2.2106933594e+000 2.0000709534e+001
94 58 30
10 0 24 -530.2544 943.6790 1 25 -452.8994 901.2922 26 5 -758.1691 965.3990 27 14 -687.5509 1092.8380 28 16 -627.5245 1168.5431 29 21 -570.8361 1216.6331 30 23 -515.4104 1244.1407 31 19 -505.0774 1012.2693 32 22 -448.1313 1015.5577 33 24 -335.5547 962.6438
-1.5507805347e+000 -1.8289780617e+000 1.9995517731e+001
88 58 32
11 0 28 -568.4359 787.4191 1 29 -503.0193 744.7662 2 27 -437.0686 660.6528 27 15 -690.3486 973.8754 28 18 -638.5530 1035.7671 29 25 -589.5344 1073.6079 30 27 -542.5847 1093.0955 31 23 -532.2981 859.3184 32 26 -483.7815 857.2283 33 28 -389.4956 802.7170 34 24 -324.8413 718.8811
-1.6714221239e+000 -1.7482334375e+000 1.9951400757e+001
70 41 21
12 0 29 -619.5591 755.8107 1 30 -557.3125 714.0560 2 28 -495.0547 631.9164 3 16 -437.5134 497.5281 27 16 -732.1150 949.9742 28 19 -682.2507 1008.5962 29 26 -635.7916 1044.4856 30 28 -590.6543 1062.4968 31 24 -580.4402 827.3020 32 27 -534.1038 824.9149 33 29 -445.4312 771.3893 34 25 -384.8635 690.4312
2.9795203209e+000 -1.8869423866e+000 2.1699548721e+001
112 100 83
15 0 30 1193.2192 750.1833 1 31 1292.0547 671.7937 2 29 1389.0154 546.6124 3 17 1472.3108 364.5299 4 10 1531.4165 149.6603 5 2 1557.2974 -99.9307 6 0 1551.4722 -305.2428 7 1 1532.2964 -459.8608 8 2 1483.8706 -656.8933 9 1 1414.7996 -832.7722 10 0 1349.6660 -970.3293 11 0 1270.7725 -1088.1550 32 28 1296.0313 821.9679 33 30 1440.9978 718.1038 34 26 1534.7891 595.7281
2.7661788464e+000 -1.8479926586e+000 2.1861934662e+001
139 97 62
14 0 31 1105.6658 730.3851 1 32 1201.2966 670.0310 2 30 1297.7739 564.9719 3 18 1383.6978 406.3157 4 11 1449.1042 211.4763 5 3 1484.1523 -18.5488 6 1 1488.1477 -212.6654 7 2 1477.1699 -362.3999 8 3 1440.3132 -557.0334 30 29 1112.1016 1024.5334 31 25 1134.9849 810.6974 32 29 1207.0969 797.3608 33 31 1347.3086 718.9197 34 27 1440.4917 616.2416
3.1111195683e-001 -1.6888418198e+000 2.0980678558e+001
93 52 22
9 0 32 189.4092 697.4579 1 33 262.6370 658.8420 2 31 339.2002 581.6246 29 27 159.3293 968.4245 30 30 212.9866 986.6177 31 26 228.7346 762.3910 32 30 283.7686 761.6648 33 32 390.3599 712.9398 34 28 464.6511 636.6530
3.1554396152e+000 -1.7228266001e+000 2.1477819443e+001
94 84 75
14 0 33 1273.6431 694.8406 1 34 1364.5403 594.6582 2 32 1451.6970 447.3828 3 19 1519.9014 247.7816 4 12 1562.6572 20.8933 5 4 1569.7109 -230.2279 6 2 1549.3657 -430.4521 7 3 1519.8848 -577.7417 8 4 1459.2449 -759.8181 9 2 1384.8777 -924.9246 10 1 1312.3899 -1045.2346 32 31 1380.6047 772.2612 33 33 1515.0781 636.6460 34 29 1598.5830 493.6794
-1.5723192692e+000 -1.6015578508e+000 2.0038066864e+001
71 45 21
9 0 34 -575.7828 693.0288 1 35 -517.6321 653.0802 2 33 -459.1858 575.9457 3 20 -405.0317 450.5170 4 13 -365.1934 292.7019 30 31 -543.3743 998.4188 32 32 -488.9941 760.0526 33 34 -405.4644 708.7001 34 30 -348.6572 632.9452
-7.5386428833e-001 -1.4975883961e+000 1.9917995453e+001
160 119 56
6 0 35 -242.6514 653.9812 1 36 -183.9668 575.4985 3 21 -83.1648 291.4154 32 33 -149.3394 730.8557 33 35 -64.2749 624.3715 34 31 -10.4441 509.7131
3.1800363064e+000 -1.5413390398e+000 2.1249111176e+001
123 106 79
16 0 37 1294.8594 631.8292 1 38 1378.8438 513.5680 2 35 1454.4509 349.9532 3 23 1508.7173 138.3329 4 15 1535.5229 -93.2705 5 6 1526.5620 -341.1404 6 4 1494.1665 -533.0737 7 4 1456.6421 -670.7605 8 6 1386.9312 -836.2729 9 4 1309.5625 -990.0171 10 3 1232.8494 -1092.1521 30 32 1310.5251 989.2275 31 27 1334.8650 769.8237 32 35 1405.3213 713.6645 33 37 1529.1201 551.9476 34 33 1601.4268 393.7590
-2.8373284340e+000 -1.4227942228e+000 2.0072082520e+001
82 44 26
8 0 38 -1091.9310 618.2689 1 39 -1044.6830 625.4952 2 36 -994.0712 603.8368 3 24 -942.4174 542.8331 30 33 -1051.5935 883.5952 32 36 -1012.9684 673.1573 33 38 -945.7399 687.9160 34 34 -896.1055 665.3315
3.2665874958e+000 -1.4137614965e+000 2.1125335693e+001
130 116 91
14 0 39 1336.3672 585.5095 1 40 1414.3174 455.1112 2 37 1481.9941 280.2140 3 25 1525.9922 61.5219 4 16 1542.5718 -172.7992 5 7 1522.3535 -418.1663 6 5 1481.5791 -603.4980 7 5 1438.4241 -734.5313 8 7 1362.5347 -888.0005 29 28 1285.8760 1000.8670 30 34 1356.7524 958.0826 31 28 1381.1150 736.6623 32 37 1449.5508 670.5148 33 39 1564.7549 490.6772
-4.9424955249e-001 -1.2038261890e+000 1.9642044067e+001
166 123 66
10 0 41 -139.1436 539.5891 1 43 -90.2534 428.9622 4 19 -11.4893 -101.6542 5 10 -25.2886 -311.6653 6 7 -51.1370 -471.4971 7 7 -79.0647 -585.4578 30 36 -96.5073 920.4108 31 30 -81.2590 680.9110 32 40 -39.7556 623.8658 33 42 30.9900 471.6035
1.3116852045e+000 -1.2461040020e+000 2.0598487854e+001
136 106 75
10 0 42 590.9453 533.0985 1 44 651.8506 431.4147 2 40 706.4246 292.1416 3 28 744.9158 112.3397 4 20 762.7288 -84.1412 30 37 625.1956 890.0961 31 31 644.8267 661.7665 32 41 697.0266 611.9771 33 43 786.5911 472.3954 34 37 838.7974 337.7885
3.6229982376e+000 -1.2721111774e+000 2.1161100388e+001
136 110 74
14 0 44 1471.4680 530.2668 1 46 1545.3071 389.8619 2 42 1606.3032 207.1619 3 30 1641.6382 -16.4202 4 21 1648.1523 -250.5348 5 11 1617.7485 -489.0969 6 8 1569.5313 -666.4348 7 8 1521.2578 -788.9600 8 9 1439.4561 -929.7004 9 6 1357.4873 -1067.6421 31 32 1522.3657 691.8124 32 42 1587.7363 617.2161 33 45 1697.9053 422.4238 34 39 1755.5337 246.7900
-1.6371675730e+000 -1.1388121843e+000 1.9582517624e+001
99 59 18
7 0 45 -618.7936 514.6438 1 47 -576.3026 441.4160 2 43 -537.3640 336.8342 3 31 -506.1777 195.6693 4 22 -491.2410 37.1332 33 46 -466.9675 489.6399 34 40 -429.1589 387.9382
2.9707038403e+000 -1.1735841036e+000 2.1052984238e+001
121 87 50
14 0 48 1224.8428 494.2238 1 49 1291.3967 368.5098 2 46 1346.5244 204.2795 3 34 1380.7971 0.7855 4 25 1388.8540 -213.9014 5 14 1364.7234 -434.8564 7 10 1283.5432 -714.8503 8 12 1213.8286 -848.5637 9 8 1138.8611 -984.3374 30 39 1256.7773 865.5665 31 34 1281.0718 642.7639 32 45 1340.1377 576.5415 33 49 1437.8149 403.6633 34 43 1491.4119 245.3245
-2.0785367489e+000 -1.0222433805e+000 1.8999387741e+001
146 113 83
6 0 50 -829.4520 478.4684 1 51 -795.4246 376.8522 2 48 -767.3505 243.2562 32 47 -738.3553 561.5569 33 51 -689.6238 421.0189 34 45 -662.5494 291.8016
-1.8793144226e+000 -9.7059023380e-001 1.8960042953e+001
80 58 51
10 0 52 -745.7107 456.4579 1 53 -711.8549 344.1857 2 50 -685.5276 200.3943 3 36 -671.4969 23.9454 4 27 -673.3954 -159.0358 30 42 -692.9691 854.5780 31 36 -682.2524 605.3220 32 49 -652.7839 542.8062 33 53 -604.2561 386.3357 34 47 -579.2754 247.4854
3.7569360733e+000 -9.6000766754e-001 2.0927118301e+001
171 137 85
15 0 53 1539.7202 413.2065 1 55 1598.3960 250.9458 2 52 1640.8354 51.3307 3 38 1653.3638 -180.5576 4 29 1636.8965 -412.5481 5 17 1584.3091 -638.9124 6 12 1520.6621 -797.2263 7 13 1462.7444 -902.5569 8 15 1370.7190 -1016.7456 29 32 1515.4253 894.8569 30 44 1578.0776 822.6681 31 38 1605.2646 598.2347 32 51 1662.9399 504.0975 33 55 1750.9912 278.6545 34 49 1790.0498 86.9575
-2.5880324841e+000 -8.8152110577e-001 1.9584453583e+001
162 129 78
7 0 54 -1016.3816 405.9086 1 56 -984.5363 368.3781 29 33 -985.6382 724.2286 30 45 -961.7113 726.1326 31 39 -953.6410 482.0785 32 52 -930.3348 471.0211 33 56 -885.5022 420.2637
4.0890712738e+000 -7.7361369133e-001 2.0900094986e+001
131 106 75
14 0 60 1671.7852 340.5374 1 62 1722.5176 165.3782 2 58 1753.9741 -44.2554 3 42 1753.1196 -281.4851 4 33 1723.1606 -511.9724 5 21 1656.8867 -729.5491 6 16 1583.2637 -878.2383 7 17 1518.3574 -973.5344 29 36 1657.5161 849.1652 30 49 1717.5684 764.3185 31 44 1745.7275 539.8243 32 58 1799.6099 433.6276 33 62 1876.2397 189.5074 34 55 1904.6304 -11.4425
-1.0282951593e+000 -6.2684297562e-001 1.9200874329e+001
115 71 31
9 0 61 -371.6899 305.0262 1 63 -346.0410 180.3179 2 59 -330.2505 30.7020 3 43 -328.4473 -142.2395 4 34 -342.0842 -312.3267 31 45 -293.2026 466.5012 32 59 -268.7937 390.8662 33 63 -232.5574 216.5487 34 56 -217.8313 72.4392
-5.9636670351e-001 -5.4762572050e-001 1.9092994690e+001
182 137 63
13 0 62 -188.7263 272.1625 1 64 -164.7600 123.2228 2 60 -154.0559 -51.2972 3 44 -161.5791 -245.8480 4 35 -186.5959 -431.6970 5 22 -230.6089 -605.1694 28 21 -189.8938 848.3117 29 37 -153.3225 782.9669 30 50 -123.1936 706.5649 31 46 -106.9424 458.0829 32 60 -81.4280 363.9526 33 64 -47.3909 154.9572 34 57 -37.9966 -12.0455
1.9924255610e+000 -5.8497232199e-001 2.0260969162e+001
128 97 67
13 0 63 875.1116 273.9813 1 65 910.1870 123.3451 2 61 930.4785 -55.2122 3 45 926.0156 -256.4069 4 36 901.0234 -451.0642 5 23 848.9460 -633.5278 6 17 793.5232 -758.2354 29 38 891.4536 763.5450 30 51 934.0427 688.8906 31 47 957.3184 455.0695 32 61 994.9412 362.2913 33 65 1047.1040 152.1626 34 58 1065.4182 -19.0967
4.1781845093e+000 -5.3554779291e-001 2.0800371170e+001
157 126 75
13 0 65 1714.8354 248.0739 1 67 1753.5874 63.2535 2 63 1771.1382 -151.9564 3 46 1755.2935 -388.0933 4 38 1710.7876 -610.6504 5 25 1632.0195 -813.0254 28 22 1650.6743 866.1971 29 40 1716.5464 782.6501 30 53 1770.7305 686.1699 31 49 1799.6509 459.4980 32 62 1847.0654 342.7661 33 67 1906.5103 84.1565 34 60 1921.3247 -121.4677
4.2790546417e+000 -4.5076212287e-001 2.0807916641e+001
140 117 91
6 0 66 1753.4463 214.5945 1 68 1789.5313 27.0919 30 54 1812.9644 655.5959 31 50 1843.1191 429.8571 33 68 1942.1455 46.3900 34 61 1952.6577 -159.1543
-1.8138736486e+000 -3.3106511831e-001 1.8591186523e+001
93 69 47
12 0 70 -732.5005 182.6129 1 72 -720.1196 39.8997 2 65 -719.3801 -122.4231 3 48 -732.9678 -298.5321 4 40 -759.6801 -461.8865 5 27 -801.3252 -608.7388 29 42 -679.7665 703.8859 30 57 -659.5936 625.2461 31 53 -647.6832 368.0302 32 66 -632.2133 273.3075 33 72 -614.8964 71.8597 34 63 -614.6234 -82.9595
1.1081124544e+000 -3.3178889751e-001 1.9818357468e+001
152 113 63
10 0 71 527.3889 174.6227 1 73 548.8269 22.0732 3 49 539.3845 -342.1074 4 41 504.4065 -519.6406 5 28 448.5000 -679.1880 28 23 524.5894 757.7473 29 43 564.5332 685.0526 30 58 597.7776 601.5010 31 54 619.1404 361.6019 33 73 676.8579 50.2203
-3.1600219011e-001 -3.1002771854e-001 1.9110059738e+001
165 122 60
14 0 72 -67.9602 170.0576 1 74 -52.6028 13.3727 2 66 -51.2981 -164.5458 3 50 -69.2957 -355.9004 4 42 -103.6875 -531.7820 5 29 -155.8816 -687.9697 27 18 -96.7732 849.4225 28 24 -53.7966 780.0914 29 44 -20.4458 702.4840 30 59 5.8274 615.2552 31 55 23.3662 365.7039 32 67 43.7144 261.7814 33 74 65.9043 41.5096 34 64 65.9587 -128.0471
4.0823068619e+000 -3.2625189424e-001 2.0722330093e+001
133 92 49
13 0 73 1683.1455 165.3020 1 75 1712.2568 -20.6136 2 67 1717.9932 -233.2843 3 51 1691.1831 -459.0017 4 43 1638.2476 -669.1777 5 30 1550.5933 -855.2007 28 25 1641.0044 804.9172 29 45 1700.7783 713.3250 30 60 1748.9297 610.2950 31 56 1778.2910 381.7738 32 68 1817.6006 259.5250 33 75 1862.8994 -1.2081 34 65 1866.0977 -204.4033
4.0853586197e+000 -2.8288784623e-001 2.0718030930e+001
91 66 40
14 0 75 1684.9707 149.1141 1 77 1711.6733 -37.7506 2 68 1715.6982 -249.5020 3 52 1686.3833 -474.8352 4 44 1630.0962 -681.7280 5 31 1542.9653 -863.0120 27 19 1575.3965 874.7793 28 26 1647.8555 791.1651 29 46 1705.6680 697.5792 30 62 1751.8833 593.5018 31 57 1781.2358 364.9331 32 70 1819.7285 243.2319 33 77 1861.6465 -19.0005 34 66 1863.7568 -220.6563
-5.6237632036e-001 -2.0803387463e-001 1.8966243744e+001
156 113 52
13 0 76 -175.6631 126.9895 1 78 -164.5632 -31.7483 2 69 -168.0491 -208.9152 3 53 -189.7993 -396.6550 4 45 -227.9937 -566.3503 27 20 -189.8108 827.8643 28 27 -151.0110 752.5416 29 47 -121.1467 669.4808 30 63 -98.3547 577.8821 31 58 -81.4646 325.8920 32 71 -64.4080 219.7155 33 78 -49.0454 -4.4021 34 67 -52.9272 -173.4448
-1.0714277029e+000 -1.8736548722e-001 1.8977457047e+001
91 44 13
8 0 77 -395.5706 117.9109 1 79 -385.4739 -20.8649 26 6 -444.8137 826.2397 27 21 -396.2036 765.8192 28 28 -363.5083 701.2278 29 48 -338.1155 629.9283 30 64 -318.2766 550.6270 31 59 -303.5718 298.2321
-2.6492102146e+000 -1.7424555495e-002 1.9671892166e+001
105 82 65
10 0 78 -1036.9171 45.2266 1 80 -1027.7565 18.3802 2 70 -1020.3018 -14.1442 26 7 -1000.6453 374.0247 27 22 -987.3898 377.8412 28 29 -977.8413 377.7549 29 49 -968.9348 372.2352 30 65 -961.0005 361.7670 31 60 -952.2058 113.7399 34 68 -926.3622 33.7679
3.1976559162e+000 4.4636700302e-002 2.0447053909e+001
133 99 58
13 0 79 1350.3613 19.1799 1 81 1359.9949 -156.0664 2 71 1348.9666 -347.1772 3 54 1309.4275 -543.7725 4 46 1248.2981 -717.2544 27 23 1304.3848 757.2908 28 30 1360.2346 665.3700 29 50 1402.5640 567.4220 30 66 1433.9587 462.4183 31 61 1462.1953 228.8352 32 72 1485.0898 109.7252 33 79 1501.4717 -136.7621 34 69 1488.8882 -318.7013
4.2320766449e+000 1.2714614868e+000 2.0685573578e+001
168 128 71
11 0 80 1744.7700 -466.9373 1 82 1698.2881 -645.7202 2 72 1626.5142 -814.1907 27 24 1854.4482 424.4069 28 31 1879.6230 273.1493 29 51 1888.4341 130.9990 30 67 1884.2734 -6.5770 31 62 1917.0908 -242.3865 32 73 1901.4521 -382.8440 33 80 1836.7808 -635.8865 34 70 1764.5596 -793.6763
-3.8234910369e-001 1.2616626024e+000 1.9228641510e+001
176 139 74
12 0 81 -95.2756 -501.3855 1 83 -133.4673 -628.2070 2 73 -184.9204 -740.1938 26 8 39.7437 452.6932 27 25 52.6770 290.1096 28 32 53.1316 160.8370 29 52 45.8521 44.8071 30 68 31.5981 -63.4160 31 63 51.2134 -321.0186 32 74 29.6172 -427.7742 33 81 -26.7012 -608.3777 34 71 -77.3538 -712.8208
-3.0895655155e+000 1.3568478823e+000 2.0289354324e+001
100 78 63
8 0 82 -1181.0416 -511.6514 1 84 -1201.1560 -464.2542 28 33 -1036.2416 -276.8279 29 53 -1057.1409 -270.0654 30 69 -1076.1667 -256.3237 31 64 -1067.6656 -507.2261 32 75 -1087.1969 -485.1245 33 82 -1117.6594 -417.9075
-3.1983215809e+000 1.4101370573e+000 2.0493537903e+001
117 90 69
9 0 84 -1212.0391 -527.9387 1 86 -1231.6416 -462.8257 2 75 -1248.0795 -377.2156 3 55 -1257.9497 -275.0138 30 71 -1107.8397 -292.3264 31 66 -1099.7708 -540.3247 32 77 -1119.5322 -505.9570 33 84 -1149.3986 -414.1389 34 73 -1164.1593 -330.9709
-1.2340532541e+000 1.4366780519e+000 1.9242439270e+001
111 57 25
10 0 85 -458.3411 -575.7546 1 87 -497.7627 -666.8835 2 76 -546.2500 -739.5876 28 35 -296.1189 18.4039 29 55 -311.6731 -80.3044 30 72 -331.5286 -168.8496 31 67 -315.2705 -428.2749 32 78 -340.8064 -511.7434 33 85 -399.1089 -642.8191 34 74 -447.1526 -709.0117
4.6531733871e-001 1.4915597439e+000 1.9810668945e+001
119 74 43
9 0 86 260.3975 -581.2473 1 88 214.1726 -689.3345 26 9 433.7295 327.4845 27 26 438.4722 165.5236 28 36 431.6487 41.7238 29 56 417.8464 -67.3516 30 73 398.1882 -167.8981 32 79 392.1038 -514.5493 33 86 324.9106 -669.1626
-1.9393597841e+000 1.4985064268e+000 1.9157758713e+001
97 54 28
12 0 87 -762.8435 -604.9897 1 89 -800.0753 -675.5513 24 0 -588.8258 495.2609 25 2 -576.2339 383.5197 26 10 -571.4398 194.5751 27 27 -583.1639 51.3951 28 37 -599.5313 -51.7219 29 57 -617.5342 -138.7351 30 74 -639.2006 -215.0389 31 68 -625.6476 -476.7537 32 80 -651.7473 -546.4280 33 87 -707.4008 -648.4854
-5.8660340309e-001 1.6314702034e+000 1.9371717453e+001
150 104 44
12 0 88 -180.6665 -654.1924 1 90 -228.7815 -755.3728 24 1 -28.3020 621.6456 25 3 -1.9539 496.9486 26 11 18.1758 277.8346 27 28 13.5127 103.6809 28 38 0.0330 -25.7859 29 58 -19.2258 -137.3474 30 75 -43.5759 -237.3987 31 69 -24.5786 -495.6968 32 81 -55.5000 -589.3870 33 88 -126.1167 -734.6370
1.9656132460e+000 1.7469215393e+000 2.0410957336e+001
152 117 77
13 0 89 857.9492 -665.1567 1 91 799.2817 -777.4189 2 77 725.1353 -869.5664 25 4 1022.8655 497.6787 26 12 1061.2363 279.5355 27 29 1065.8271 102.7406 28 39 1055.0947 -32.1694 29 59 1036.0195 -149.5565 30 76 1010.1296 -255.5132 31 70 1036.8188 -499.7046 32 82 1002.2639 -600.1479 33 89 917.0010 -760.6179 34 75 844.6177 -844.8010
-3.1809446812e+000 1.8021240234e+000 2.0414476395e+001
134 118 100
10 0 90 -1210.1884 -687.8188 1 92 -1239.3165 -621.4922 2 78 -1264.7686 -528.7405 28 40 -1038.4857 -472.8274 29 60 -1068.5039 -465.5105 30 77 -1095.7274 -448.1851 31 71 -1087.2556 -698.6392 32 83 -1114.6357 -668.4231 33 90 -1158.4127 -575.8660 34 76 -1182.6689 -486.0488
-5.9246748686e-001 1.7535629272e+000 1.9471828461e+001
168 129 68
11 0 91 -181.8513 -701.8560 1 93 -233.5515 -793.4922 24 2 4.2185 570.2422 25 5 26.1770 438.6282 26 13 38.2739 211.8008 27 30 27.5759 36.6340 28 41 9.1665 -91.2307 29 61 -13.4834 -199.4246 30 78 -41.2178 -295.1196 31 72 -22.0830 -552.8267 32 84 -56.3806 -640.4844
-1.1215382814e+000 1.7414695024e+000 1.9336006165e+001
126 96 64
11 0 92 -408.2725 -702.4070 1 94 -455.9858 -784.9351 24 3 -210.5713 537.4048 25 6 -193.6030 405.7372 27 31 -201.9670 14.1117 28 42 -221.1008 -108.1265 29 62 -244.4753 -211.0680 30 79 -271.5825 -301.0140 31 73 -254.6685 -561.1836 32 85 -287.3367 -642.8711 33 91 -357.9175 -761.8467
3.3561162949e+000 1.8661948442e+000 2.0710313797e+001
216 185 110
15 0 93 1396.5430 -702.2090 1 95 1327.2244 -838.4583 2 79 1238.4336 -952.4651 23 1 1397.7158 818.5409 24 4 1479.4795 705.4107 25 7 1537.3965 577.6621 26 14 1596.2324 339.4227 27 32 1611.0874 141.3668 28 43 1605.0898 -12.1821 29 63 1587.3599 -148.3286 30 80 1559.6382 -272.9805 31 74 1590.3345 -513.3274 32 86 1552.0796 -631.6631 33 92 1453.4580 -826.1531 34 77 1366.2429 -931.4744
-3.0588915348e+000 1.8599485159e+000 2.0157550812e+001
160 135 95
7 0 94 -1176.5945 -719.9768 1 96 -1209.1938 -673.8823 2 80 -1240.5890 -601.0398 31 75 -1049.8768 -710.4812 32 87 -1078.6886 -695.3679 33 93 -1127.7231 -631.1367 34 78 -1157.3011 -559.8701
-3.1209053993e+000 1.9176952839e+000 2.0272287369e+001
131 112 86
7 0 95 -1194.5190 -738.7998 1 97 -1227.5392 -682.3931 2 81 -1258.4154 -597.9539 28 44 -1015.1558 -493.3831 30 81 -1076.5872 -486.8552 32 88 -1097.3627 -717.2034 34 79 -1175.6107 -556.5237
-3.1207349300e+000 1.9356558323e+000 2.0268728256e+001
130 110 86
6 0 96 -1194.7421 -746.9163 1 98 -1228.1492 -689.1218 2 82 -1259.5891 -604.7620 30 82 -1075.9839 -494.1443 32 89 -1097.2733 -725.2334 33 94 -1147.5968 -646.2898
1.9066708088e+000 2.1360967159e+000 2.0725788116e+001
109 90 75
10 0 97 823.1677 -808.6897 1 99 753.1338 -889.2854 26 15 1107.2844 76.9349 27 33 1087.9783 -102.0752 28 45 1059.6980 -231.0168 29 64 1025.9209 -337.4849 30 83 986.6790 -429.3755 31 76 1013.6533 -672.7695 32 90 967.5481 -754.1245 33 95 866.6841 -870.1118
-1.7221368551e+000 -3.3617923260e+000 1.9817007065e+001
172 119 51
5 0 99 -644.7107 1427.2899 1 101 -534.4963 1398.0970 2 83 -416.8108 1293.6699 33 97 -412.6238 1470.6958 34 80 -298.2258 1367.7856
-1.1034417152e+000 -3.3370833397e+000 2.0140514374e+001
108 65 43
6 0 100 -381.5586 1395.6985 1 102 -263.7458 1365.2251 2 84 -139.4136 1263.7333 32 92 -306.3767 1470.4524 33 98 -136.6003 1436.9507 34 81 -14.8171 1335.8748
-1.4103944302e+000 -3.2768337727e+000 1.9964792252e+001
121 81 52
9 0 101 -510.7175 1382.3850 1 103 -399.3455 1349.7434 2 85 -281.7617 1246.5948 29 66 -603.3535 1607.7968 30 85 -526.7983 1661.8303 31 78 -517.6992 1434.7649 32 93 -436.8723 1459.1367 33 99 -275.1497 1421.5802 34 82 -160.3005 1318.4158
-3.9091143012e-001 -3.3536775112e+000 2.0555318832e+001
140 119 113
3 0 102 -88.0874 1374.9905 1 104 38.2175 1348.7208 33 100 171.9141 1419.4293
-2.0099148750e+000 -3.2047445774e+000 1.9659832001e+001
118 79 45
9 0 103 -770.9331 1373.6630 1 105 -668.5017 1339.1776 2 86 -560.7960 1234.6617 3 56 -457.6326 1037.5339 30 86 -778.3289 1659.3716 31 79 -770.8903 1428.4980 32 94 -697.9272 1451.1760 33 101 -550.5389 1411.4680 34 83 -445.4485 1307.2109
-2.0903506279e+000 -3.1876120567e+000 1.9641256332e+001
166 118 53
6 0 104 -804.7595 1367.7274 1 106 -703.7893 1334.4948 30 87 -811.7809 1652.9250 31 80 -804.6464 1421.5979 32 95 -732.2067 1444.8944 33 102 -587.0138 1406.8248
-1.6893569231e+000 -3.2068161964e+000 1.9804752350e+001
157 115 64
11 0 105 -630.9681 1364.6854 1 107 -524.9746 1329.1587 2 87 -413.9121 1224.3230 3 57 -307.5295 1025.5833 4 47 -221.5337 752.5618 28 47 -789.0511 1517.9172 29 67 -715.7024 1597.7205 30 88 -641.9984 1649.4855 31 81 -633.7704 1420.0366 33 103 -403.6851 1400.3438 34 84 -295.8835 1294.8849
-2.2113084793e+000 -3.1094427109e+000 1.9572561264e+001
142 93 56
7 0 106 -858.9332 1339.4678 1 108 -762.3180 1304.5824 2 88 -660.0753 1201.5273 3 58 -562.1957 1007.8674 32 96 -786.6611 1416.9204 33 104 -646.8340 1376.4065 34 85 -547.1284 1273.6721
-2.5988793373e-001 -3.2387554646e+000 2.0585481644e+001
118 79 56
5 0 107 -35.3411 1327.4626 1 109 88.4341 1296.7761 2 89 219.4829 1197.8132 33 105 222.3057 1365.2444 34 86 350.5283 1266.7006
-2.0323417187e+000 -3.0712740421e+000 1.9626491547e+001
149 99 49
10 0 108 -781.1785 1320.0350 1 110 -683.4932 1282.0143 2 90 -581.7520 1176.0396 3 59 -484.0713 980.3801 28 48 -922.3105 1488.2419 29 68 -852.9141 1563.9595 30 89 -784.9814 1611.8126 31 82 -777.6360 1379.7841 33 106 -566.5311 1352.3635 34 87 -466.9717 1247.2382
-1.4933438599e-001 -3.2204461098e+000 2.0636301041e+001
106 76 64
3 0 109 8.6792 1316.8976 1 111 132.8203 1285.7289 33 107 267.6829 1353.8983
-7.3250591755e-001 -3.1333849430e+000 2.0356586456e+001
100 61 46
11 0 110 -226.6299 1299.5156 1 112 -111.5398 1267.7598 2 91 9.4741 1169.4727 27 35 -483.6628 1329.5347 28 49 -402.2473 1443.2183 29 69 -322.2976 1522.0775 30 90 -243.9639 1573.7772 31 83 -232.6279 1349.5229 32 97 -149.0723 1372.3448 33 108 17.1711 1336.4056 34 88 135.5039 1238.3436
1.4056974649e+000 -2.0331532955e+000 2.1431617737e+001
101 75 58
11 0 111 606.3105 815.1445 1 113 700.4417 772.5334 2 92 798.2881 683.2855 27 36 401.5137 965.4149 28 50 474.6880 1032.6760 29 70 544.1428 1075.0424 30 91 612.1995 1097.4236 31 84 629.7502 879.7833 32 98 700.6899 880.4080 33 109 837.9336 826.8163 34 89 932.8667 739.2057
-2.9745757580e+000 -1.9286748171e+000 2.0369466782e+001
104 98 95
3 0 112 -1129.5558 813.3813 1 114 -1069.1874 849.0019 2 93 -1002.6295 850.6891
6.4591377974e-001 -1.9276615381e+000 2.1112459183e+001
127 86 50
7 0 113 318.9204 786.6843 1 115 404.1904 746.2744 2 94 492.1414 663.3901 3 60 573.6987 524.2225 4 48 638.1821 345.0968 33 110 535.7524 801.6405 34 90 620.9624 719.1095
-1.5697668791e+000 -1.7938146591e+000 1.9993576050e+001
96 65 36
12 0 114 -576.2393 772.9420 1 116 -513.5796 731.3254 2 95 -446.9758 647.3007 3 61 -387.3291 510.5371 27 37 -694.5774 962.5444 28 51 -643.6046 1022.9878 29 71 -595.5001 1060.1757 30 92 -549.4392 1078.8015 31 85 -538.6548 844.3312 32 99 -491.4482 842.4194 33 111 -399.3706 788.4543 34 91 -335.4690 706.0866
3.2598755360e+000 -1.8920744658e+000 2.1835414886e+001
190 148 62
11 0 115 1292.7947 747.5838 1 117 1392.7637 669.1261 2 96 1491.3574 543.9648 3 62 1576.0688 362.4661 4 49 1636.7251 147.2131 5 32 1663.3745 -101.6279 6 20 1657.9624 -307.8105 7 19 1638.7178 -462.7717 8 17 1589.7573 -660.2637 9 10 1519.7593 -836.5405 34 92 1638.6831 592.8262
-2.1378538609e+000 -1.6599868536e+000 1.9243169785e+001
98 71 48
